2 0.7203703703703703 0.2721354166666667 0.05 0.0234375
3 0.8020462962962963 0.2701822916666667 0.03857407407407407 0.016583333333333332
2 0.8 0.5729166666666666 0.04259259259259259 0.010416666666666666
2 0.763425925925926 0.5294270833333333 0.03796296296296296 0.008854166666666666
2 0.7097222222222221 0.2638020833333333 0.05462962962962963 0.0171875
2 0.7625 0.61484375 0.04537037037037037 0.0140625
2 0.7796296296296297 0.45286458333333335 0.040740740740740744 0.009895833333333333
2 0.7291666666666667 0.5286458333333334 0.05092592592592592 0.015625
2 0.6222222222222222 0.3731770833333333 0.05925925925925926 0.0265625
2 0.7078703703703704 0.4044270833333333 0.05092592592592592 0.013020833333333334
3 0.5898148148148148 0.453125 0.06296296296296296 0.010416666666666666
2 0.7472222222222222 0.3770833333333333 0.04814814814814815 0.010416666666666666
2 0.7273148148148147 0.5580729166666667 0.05277777777777778 0.0109375
2 0.6069444444444445 0.21171875 0.06018518518518518 0.016145833333333335
2 0.7148148148148148 0.7255208333333333 0.053703703703703705 0.011458333333333333
2 0.624074074074074 0.2953125 0.06111111111111111 0.013541666666666667
2 0.7462962962962962 0.29765625 0.05 0.0203125
2 0.6675925925925925 0.6361979166666667 0.05925925925925926 0.011979166666666667
2 0.47685185185185186 0.18229166666666666 0.07037037037037037 0.01875
2 0.5694444444444444 0.23072916666666668 0.06851851851851852 0.017708333333333333
2 0.3046296296296296 0.17057291666666666 0.09444444444444444 0.022395833333333334
2 0.475462962962963 0.7927083333333333 0.08055555555555556 0.019791666666666666
0 0.745712962962963 0.61015625 0.012416666666666666 0.005791666666666666
