3 0.7509259259259259 0.3580729166666667 0.027777777777777776 0.0067708333333333336
2 0.7078703703703704 0.5046875 0.041666666666666664 0.009375
2 0.6689814814814814 0.6690104166666667 0.03796296296296296 0.0109375
3 0.6430555555555555 0.5559895833333334 0.04722222222222222 0.009895833333333333
2 0.6662037037037036 0.6888020833333334 0.04537037037037037 0.0109375
2 0.5958333333333333 0.6096354166666667 0.049074074074074076 0.008854166666666666
2 0.31574074074074077 0.371875 0.06481481481481481 0.021875
2 0.6189814814814815 0.7255208333333333 0.05092592592592592 0.010416666666666666
2 0.6027777777777779 0.590625 0.05 0.014583333333333334
2 0.5722222222222222 0.4549479166666667 0.053703703703703705 0.0140625
2 0.5717592592592593 0.7604166666666666 0.05648148148148148 0.0125
2 0.6134259259259259 0.7135416666666666 0.05092592592592592 0.011458333333333333
3 0.26481481481481484 0.9511927083333334 0.07777777777777778 0.021572916666666667
2 0.29861111111111116 0.6416666666666667 0.0787037037037037 0.020833333333333332
2 0.6226851851851851 0.30885416666666665 0.05092592592592592 0.010416666666666666
2 0.4722222222222222 0.43854166666666666 0.06481481481481481 0.011458333333333333
2 0.5523148148148148 0.4049479166666667 0.05277777777777778 0.013020833333333334
2 0.4449074074074074 0.6278645833333333 0.06574074074074074 0.0171875
2 0.5180555555555555 0.06067708333333333 0.05648148148148148 0.0140625
2 0.5722222222222222 0.6455729166666667 0.053703703703703705 0.011979166666666667
2 0.3648148148148148 0.85546875 0.06666666666666667 0.015104166666666667
2 0.4833333333333333 0.8278645833333333 0.06111111111111111 0.015104166666666667
2 0.3949074074074074 0.48802083333333335 0.06944444444444445 0.016666666666666666
2 0.3319444444444445 0.7768229166666667 0.0712962962962963 0.022395833333333334
0 0.2937222222222222 0.364046875 0.011842592592592592 0.006098958333333334
