2 0.512962962962963 0.3125 0.06666666666666667 0.027083333333333334
2 0.5078703703703704 0.30182291666666666 0.058333333333333334 0.024479166666666666
2 0.38981481481481484 0.8903645833333333 0.07777777777777778 0.018229166666666668
2 0.45138888888888884 0.4315104166666667 0.06759259259259259 0.018229166666666668
2 0.6518518518518519 0.6703125 0.046296296296296294 0.0125
2 0.5648148148148149 0.76875 0.05555555555555555 0.020833333333333332
2 0.4569444444444445 0.3497395833333333 0.058333333333333334 0.028645833333333332
2 0.4111111111111111 0.25885416666666666 0.06111111111111111 0.03229166666666667
2 0.3652777777777778 0.3763020833333333 0.06944444444444445 0.0171875
2 0.6324074074074074 0.3263020833333333 0.046296296296296294 0.021354166666666667
2 0.4268518518518518 0.6236979166666666 0.06666666666666667 0.0171875
2 0.42314814814814816 0.28489583333333335 0.05925925925925926 0.022916666666666665
2 0.36944444444444446 0.8653645833333333 0.07777777777777778 0.0140625
2 0.6847222222222222 0.365625 0.041666666666666664 0.021875
2 0.5425925925925925 0.8473958333333333 0.06296296296296296 0.013541666666666667
2 0.5004629629629629 0.7658854166666667 0.06759259259259259 0.0171875
2 0.5388888888888889 0.44114583333333335 0.05925925925925926 0.020833333333333332
3 0.5907407407407408 0.5033854166666667 0.04814814814814815 0.018229166666666668
2 0.4703703703703703 0.6041666666666666 0.06296296296296296 0.021875
2 0.437962962962963 0.5010416666666667 0.07037037037037037 0.021875
2 0.32453703703703707 0.7794270833333333 0.06759259259259259 0.025520833333333333
3 0.7886388888888889 0.407078125 0.030740740740740742 0.011588541666666667
0 0.39125 0.25531770833333334 0.013240740740740742 0.007572916666666666
