2 0.7684895833333334 0.7560648148148148 0.0140625 0.041574074074074076
2 0.6567708333333333 0.825925925925926 0.0125 0.03518518518518519
2 0.4638020833333333 0.8333333333333334 0.0109375 0.03148148148148148
1 0.8109375 0.7722222222222223 0.0125 0.03888888888888889
2 0.3549479166666667 0.8064814814814815 0.008854166666666666 0.03888888888888889
2 0.5625 0.812037037037037 0.009375 0.040740740740740744
2 0.49375 0.6666666666666667 0.010416666666666666 0.05185185185185185
2 0.5291666666666667 0.8004629629629629 0.008333333333333333 0.041666666666666664
2 0.28125 0.8050925925925926 0.013541666666666667 0.03981481481481482
2 0.3375 0.7680555555555555 0.008333333333333333 0.04351851851851852
2 0.915625 0.6513888888888889 0.014583333333333334 0.05462962962962963
2 0.6946770833333333 0.49537037037037035 0.018973958333333332 0.06666666666666667
3 0.3856770833333333 0.7689814814814815 0.0078125 0.04537037037037037
2 0.12682291666666667 0.7101851851851853 0.011979166666666667 0.05185185185185185
2 0.26197916666666665 0.6754629629629629 0.011458333333333333 0.05277777777777778
2 0.21848958333333335 0.6055555555555556 0.015104166666666667 0.05555555555555555
2 0.48515624999999996 0.7282407407407407 0.013020833333333334 0.049074074074074076
2 0.5442708333333333 0.7027777777777777 0.0125 0.05
2 0.14765625000000004 0.6310185185185185 0.0140625 0.06018518518518518
2 0.30104166666666665 0.6921296296296297 0.011458333333333333 0.05092592592592592
2 0.611421875 0.6040277777777778 0.016734375000000003 0.05861111111111111
2 0.2979166666666667 0.4930555555555556 0.014583333333333334 0.06574074074074074
3 0.11484375000000002 0.08657407407407403 0.0234375 0.10092592592592593
0 0.7789166666666667 0.7413425925925925 0.004640625 0.009324074074074075
3 0.5984427083333334 0.8786944444444444 0.007510416666666667 0.03284259259259259
