2 0.4814814814814815 0.30052083333333335 0.03888888888888889 0.008333333333333333
2 0.5652777777777778 0.50625 0.028703703703703703 0.007291666666666667
1 0.4930555555555556 0.8122395833333333 0.041666666666666664 0.009895833333333333
2 0.5324074074074074 0.33958333333333335 0.027777777777777776 0.00625
2 0.47870370370370374 0.4119791666666667 0.03888888888888889 0.008333333333333333
2 0.3305555555555556 0.7182291666666667 0.05 0.0125
2 0.4222222222222223 0.2638020833333333 0.04259259259259259 0.008854166666666666
2 0.475462962962963 0.5625 0.03611111111111111 0.008333333333333333
2 0.38055555555555554 0.5088541666666667 0.04814814814814815 0.009375
2 0.42314814814814816 0.40911458333333334 0.04259259259259259 0.008854166666666666
2 0.32361111111111107 0.46171875 0.049074074074074076 0.011979166666666667
2 0.3231481481481482 0.240625 0.05185185185185185 0.008333333333333333
3 0.41435185185185186 0.4359375 0.041666666666666664 0.009375
2 0.4925925925925926 0.32578125 0.037037037037037035 0.0078125
3 0.15000000000000002 0.9231770833333334 0.06296296296296296 0.019270833333333334
2 0.4185185185185185 0.2872395833333333 0.046296296296296294 0.009895833333333333
2 0.475925925925926 0.5229166666666667 0.03333333333333333 0.013541666666666667
2 0.4046296296296297 0.7575520833333333 0.044444444444444446 0.008854166666666666
2 0.27268518518518514 0.5830729166666667 0.058333333333333334 0.018229166666666668
2 0.3837962962962963 0.3145833333333333 0.04722222222222222 0.010416666666666666
2 0.23564814814814816 0.27890625 0.05648148148148148 0.0171875
2 0.18611111111111112 0.12578125 0.05925925925925926 0.018229166666666668
2 0.11435185185185182 0.43125 0.06759259259259259 0.017708333333333333
0 0.3171018518518519 0.7130624999999999 0.009027777777777777 0.004666666666666667
3 0.5941666666666667 0.343234375 0.026805555555555555 0.007421875
