2 0.2847222222222222 0.5135416666666667 0.05277777777777778 0.0125
2 0.27824074074074073 0.18046874999999996 0.049074074074074076 0.009895833333333333
2 0.1865740740740741 0.39765625000000004 0.03796296296296296 0.009895833333333333
2 0.25 0.6565104166666667 0.04814814814814815 0.009895833333333333
2 0.4263888888888889 0.6411458333333333 0.058333333333333334 0.013541666666666667
2 0.2958240740740741 0.5048697916666667 0.03793518518518518 0.022244791666666666
1 0.3023148148148148 0.9307708333333333 0.049074074074074076 0.015625
2 0.2513888888888889 0.20911458333333333 0.049074074074074076 0.009895833333333333
2 0.3162037037037037 0.7333333333333334 0.05092592592592592 0.011458333333333333
2 0.325 0.61328125 0.05185185185185185 0.013020833333333334
2 0.37592592592592594 0.6348958333333333 0.05 0.016666666666666666
2 0.44166666666666665 0.4354166666666667 0.07037037037037037 0.013541666666666667
2 0.2967592592592593 0.16901041666666672 0.049074074074074076 0.011979166666666667
2 0.6208333333333333 0.7544270833333333 0.0712962962962963 0.028645833333333332
3 0.4009259259259259 0.509375 0.05555555555555555 0.015625
2 0.3587962962962963 0.41640625 0.05462962962962963 0.011979166666666667
3 0.8712962962962963 0.13297395833333325 0.0962962962962963 0.03546875
2 0.524537037037037 0.5916666666666667 0.06574074074074074 0.023958333333333335
2 0.44537037037037036 0.69140625 0.06296296296296296 0.024479166666666666
2 0.6083333333333333 0.625 0.07222222222222222 0.0375
2 0.47175925925925927 0.19817708333333328 0.0712962962962963 0.018229166666666668
2 0.4935185185185185 0.23333333333333328 0.06666666666666667 0.01875
3 0.13019444444444445 0.5412291666666667 0.034055555555555554 0.009958333333333335
0 0.31685185185185183 0.5347500000000001 0.011592592592592592 0.005854166666666666
2 0.2955648148148148 0.512875 0.043083333333333335 0.011338541666666667
