3 0.25275000000000003 0.5699010416666667 0.03348148148148148 0.008437499999999999
2 0.38216666666666665 0.20918750000000008 0.043972222222222225 0.009755208333333333
2 0.31805555555555554 0.22187500000000004 0.03796296296296296 0.009375
2 0.2740740740740741 0.2830729166666667 0.03518518518518519 0.0078125
2 0.30787037037037035 0.24739583333333337 0.03796296296296296 0.009375
2 0.37592592592592594 0.23593750000000002 0.040740740740740744 0.010416666666666666
1 0.37672222222222224 0.840625 0.04537037037037037 0.010416666666666666
2 0.2972222222222222 0.53046875 0.03888888888888889 0.0078125
2 0.3837962962962963 0.37630208333333337 0.049074074074074076 0.013020833333333334
2 0.47129629629629627 0.7552083333333334 0.04814814814814815 0.015625
2 0.40324074074074073 0.32447916666666665 0.04537037037037037 0.011458333333333333
2 0.3925925925925926 0.5643229166666667 0.044444444444444446 0.009895833333333333
2 0.33101851851851855 0.4229166666666667 0.03981481481481482 0.007291666666666667
2 0.668212962962963 0.64928125 0.06789814814814815 0.023187500000000003
2 0.43425925925925923 0.58203125 0.046296296296296294 0.009895833333333333
2 0.47685185185185186 0.80703125 0.053703703703703705 0.015104166666666667
3 0.42592592592592593 0.38307291666666665 0.046296296296296294 0.0109375
2 0.4634259259259259 0.22369791666666672 0.05648148148148148 0.011979166666666667
2 0.6453703703703704 0.8193489583333333 0.06111111111111111 0.025885416666666668
2 0.5486111111111112 0.18906250000000002 0.06388888888888888 0.013541666666666667
2 0.4842592592592593 0.48307291666666663 0.05185185185185185 0.016145833333333335
3 0.9564814814814815 0.1138020833333333 0.08703703703703704 0.0296875
2 0.5777777777777777 0.15390625000000002 0.05740740740740741 0.015104166666666667
0 0.6712592592592593 0.8056927083333334 0.012518518518518517 0.006848958333333334
2 0.39160185185185187 0.20576041666666667 0.045453703703703704 0.011572916666666665
