3 0.7753425925925925 0.4353854166666667 0.034499999999999996 0.007348958333333333
2 0.6784074074074073 0.8097604166666666 0.045037037037037035 0.009640625000000002
2 0.7417777777777778 0.8036458333333333 0.036814814814814814 0.010416666666666666
2 0.7574074074074074 0.49270833333333336 0.03333333333333333 0.007291666666666667
2 0.563425925925926 0.81640625 0.06388888888888888 0.0109375
2 0.6633611111111111 0.8052239583333333 0.047101851851851846 0.011979166666666667
2 0.6143518518518518 0.8036458333333333 0.04722222222222222 0.010416666666666666
2 0.725 0.7817708333333333 0.03888888888888889 0.0125
2 0.725 0.5510416666666667 0.037037037037037035 0.00625
2 0.6814814814814815 0.42734375 0.04259259259259259 0.008854166666666666
2 0.5717592592592593 0.823859375 0.05462962962962963 0.014635416666666668
2 0.6666666666666667 0.6385416666666667 0.046296296296296294 0.010416666666666666
2 0.6791666666666667 0.7924479166666667 0.041666666666666664 0.008854166666666666
3 0.6452685185185185 0.6447291666666667 0.04722222222222222 0.010416666666666666
2 0.6587962962962963 0.6890625 0.04351851851851852 0.011458333333333333
2 0.6180555555555556 0.2721354166666667 0.04537037037037037 0.0171875
2 0.638425925925926 0.4348958333333333 0.04537037037037037 0.011458333333333333
2 0.4013888888888889 0.7106770833333333 0.06944444444444445 0.018229166666666668
3 0.038425925925925974 0.9846354166666667 0.075 0.030729166666666665
1 0.6699074074074074 0.19953645833333333 0.04722222222222222 0.017822916666666667
2 0.6296296296296297 0.30234375 0.04814814814814815 0.0109375
2 0.6037037037037036 0.5622395833333333 0.05185185185185185 0.0171875
2 0.32546296296296295 0.37109375 0.06574074074074074 0.024479166666666666
0 0.6505648148148149 0.21034895833333334 0.010435185185185184 0.005578125000000001
2 0.7620648148148148 0.7350052083333334 0.04000925925925926 0.0095625
