3 0.36018518518518516 0.7893229166666667 0.025925925925925925 0.009895833333333333
2 0.3875 0.6309895833333333 0.032407407407407406 0.0078125
2 0.41944444444444445 0.74765625 0.037037037037037035 0.0109375
1 0.45092592592592595 0.15833333333333333 0.037037037037037035 0.009375
2 0.4550925925925926 0.7424479166666667 0.03611111111111111 0.0067708333333333336
2 0.4976851851851852 0.25078124999999996 0.04537037037037037 0.009895833333333333
2 0.4134259259259259 0.6427083333333333 0.032407407407407406 0.008333333333333333
3 0.5199722222222223 0.5442708333333333 0.04537037037037037 0.009375
2 0.43703703703703706 0.3700520833333333 0.040740740740740744 0.0067708333333333336
2 0.48009259259259257 0.5479166666666666 0.03796296296296296 0.007291666666666667
3 0.6932592592592592 0.04061979166666663 0.05860185185185185 0.023947916666666666
2 0.7208333333333333 0.8005208333333333 0.06574074074074074 0.016666666666666666
2 0.42268518518518516 0.4236979166666667 0.03981481481481482 0.0109375
2 0.4685185185185185 0.7903645833333334 0.04259259259259259 0.0109375
2 0.6027777777777777 0.67265625 0.053703703703703705 0.0109375
2 0.7041666666666667 0.14244791666666667 0.0712962962962963 0.0140625
2 0.5393518518518519 0.26588541666666665 0.049074074074074076 0.0109375
2 0.49212962962962964 0.5708333333333333 0.04537037037037037 0.011458333333333333
2 0.8231481481481482 0.5572916666666667 0.06666666666666667 0.022916666666666665
2 0.5254629629629629 0.8177083333333334 0.04351851851851852 0.0125
2 0.6444444444444445 0.21406250000000004 0.05925925925925926 0.015625
2 0.6041666666666666 0.5770833333333334 0.05462962962962963 0.014583333333333334
2 0.6199074074074075 0.81953125 0.05462962962962963 0.015104166666666667
2 0.7620370370370371 0.696875 0.06851851851851852 0.013541666666666667
0 0.45741666666666664 0.17374479166666668 0.009611111111111112 0.005390625
