2 0.5856481481481481 0.5830729166666667 0.041666666666666664 0.0067708333333333336
2 0.6564814814814814 0.5190104166666667 0.03333333333333333 0.0078125
2 0.6393518518518518 0.7817708333333333 0.03796296296296296 0.014583333333333334
3 0.02083333333333337 0.9328125 0.03981481481481482 0.021875
2 0.6106481481481482 0.5497395833333333 0.04722222222222222 0.008854166666666666
3 0.6916666666666667 0.4078125 0.037037037037037035 0.009375
2 0.6518518518518519 0.5471354166666667 0.03888888888888889 0.0109375
2 0.6587962962962963 0.3893229166666667 0.03796296296296296 0.0109375
2 0.6351851851851852 0.4817708333333333 0.046296296296296294 0.010416666666666666
2 0.5861111111111111 0.79375 0.053703703703703705 0.009375
2 0.6231481481481482 0.4986979166666667 0.046296296296296294 0.0078125
2 0.6407407407407407 0.18854166666666666 0.04259259259259259 0.011458333333333333
2 0.6523148148148148 0.75390625 0.041666666666666664 0.008854166666666666
2 0.5819444444444444 0.7848958333333333 0.05462962962962963 0.0125
2 0.5731481481481482 0.5776041666666667 0.05740740740740741 0.011458333333333333
1 0.6417870370370371 0.11773958333333333 0.044694444444444446 0.018817708333333336
3 0.5925925925925926 0.4895833333333333 0.05555555555555555 0.0125
2 0.513425925925926 0.81328125 0.06574074074074074 0.011979166666666667
2 0.5546296296296296 0.35859375 0.05925925925925926 0.0109375
2 0.6064814814814814 0.28046875 0.053703703703703705 0.018229166666666668
2 0.4083333333333333 0.79453125 0.08148148148148149 0.0203125
2 0.5138888888888888 0.2578125 0.06851851851851852 0.014583333333333334
2 0.4731481481481481 0.7677083333333333 0.07407407407407407 0.019791666666666666
2 0.27083333333333337 0.6544270833333333 0.09722222222222222 0.025520833333333333
0 0.9267037037037037 0.33853645833333335 0.008842592592592593 0.004401041666666666
