2 0.3106770833333333 0.6162037037037037 0.0078125 0.04351851851851852
2 0.26093750000000004 0.6537037037037037 0.009375 0.04259259259259259
2 0.15364583333333337 0.5805555555555555 0.010416666666666666 0.04814814814814815
2 0.32057291666666665 0.6814814814814815 0.0078125 0.03888888888888889
2 0.39036458333333335 0.6962962962962963 0.009895833333333333 0.040740740740740744
2 0.16249999999999998 0.5740740740740741 0.01875 0.05
2 0.50390625 0.6819444444444445 0.008854166666666666 0.041666666666666664
2 0.6239583333333334 0.6560185185185186 0.014583333333333334 0.04722222222222222
2 0.76484375 0.7055555555555555 0.008854166666666666 0.03888888888888889
2 0.41093749999999996 0.7111111111111111 0.008333333333333333 0.04259259259259259
3 0.42161458333333335 0.6314814814814815 0.009895833333333333 0.044444444444444446
2 0.78671875 0.6893518518518518 0.011979166666666667 0.041666666666666664
2 0.6346354166666667 0.6310185185185185 0.0109375 0.04722222222222222
2 0.68359375 0.5583333333333333 0.015104166666666667 0.05740740740740741
2 0.31953125000000004 0.575 0.011979166666666667 0.05740740740740741
2 0.86875 0.6347222222222222 0.010416666666666666 0.04722222222222222
2 0.6973958333333333 0.5444444444444445 0.016666666666666666 0.05925925925925926
1 0.2831145833333333 0.7048425925925926 0.012885416666666667 0.04403703703703704
2 0.3139739583333333 0.6950740740740741 0.011411458333333334 0.04812037037037037
2 0.35149479166666664 0.675287037037037 0.010619791666666666 0.04696296296296296
2 0.3521927083333334 0.6959629629629629 0.010437499999999999 0.04634259259259259
2 0.3855677083333333 0.7127777777777777 0.010046875 0.04360185185185186
