2 0.3449074074074074 0.55390625 0.041666666666666664 0.011979166666666667
2 0.3435185185185185 0.1841145833333333 0.03888888888888889 0.008854166666666666
2 0.2851851851851852 0.66171875 0.03148148148148148 0.015104166666666667
2 0.3189814814814815 0.2143229166666667 0.04537037037037037 0.009895833333333333
2 0.31296296296296294 0.6567708333333333 0.04259259259259259 0.009375
2 0.38333333333333336 0.18437499999999996 0.05740740740740741 0.010416666666666666
2 0.2662037037037037 0.5359375 0.03611111111111111 0.008333333333333333
2 0.3638888888888889 0.5541666666666667 0.06111111111111111 0.0125
2 0.29953703703703705 0.5104166666666667 0.04722222222222222 0.008333333333333333
2 0.28055555555555556 0.5260416666666667 0.040740740740740744 0.009375
2 0.2953703703703704 0.26953125 0.03888888888888889 0.0078125
2 0.36574074074074076 0.1953125 0.06111111111111111 0.0125
1 0.34444444444444444 0.9049479166666666 0.05185185185185185 0.0109375
2 0.30833333333333335 0.4966145833333333 0.04814814814814815 0.0078125
3 0.3490740740740741 0.39140624999999996 0.05185185185185185 0.009895833333333333
2 0.38333333333333336 0.3731770833333333 0.05 0.0109375
2 0.5361111111111111 0.13802083333333337 0.07592592592592592 0.015625
2 0.4185185185185185 0.8731770833333333 0.06111111111111111 0.011979166666666667
2 0.3675925925925926 0.2890625 0.05555555555555555 0.011458333333333333
3 0.8833333333333333 0.07239583333333333 0.12962962962962962 0.028125
2 0.6 0.6473958333333334 0.1111111111111111 0.023958333333333335
2 0.763425925925926 0.15416666666666667 0.11203703703703703 0.023958333333333335
3 0.2574722222222222 0.6349739583333334 0.03902777777777778 0.009390625000000001
