2 0.729712962962963 0.44229687500000003 0.0390462962962963 0.009593750000000002
2 0.7152777777777778 0.5221354166666666 0.041666666666666664 0.008854166666666666
2 0.7 0.57421875 0.04814814814814815 0.009895833333333333
2 0.6777777777777778 0.2994791666666667 0.05185185185185185 0.013541666666666667
3 0.6990740740740741 0.50859375 0.046296296296296294 0.0109375
2 0.725 0.29244791666666664 0.046296296296296294 0.0109375
2 0.6587962962962963 0.5395833333333333 0.04722222222222222 0.009375
2 0.7064814814814815 0.45416666666666666 0.05185185185185185 0.009375
2 0.7194444444444444 0.33984375 0.040740740740740744 0.009895833333333333
2 0.6564814814814814 0.6510416666666666 0.05555555555555555 0.008333333333333333
2 0.6592592592592592 0.6395833333333333 0.05555555555555555 0.0125
1 0.6722222222222223 0.88828125 0.05555555555555555 0.008854166666666666
2 0.6092592592592593 0.5296875 0.06111111111111111 0.014583333333333334
2 0.6597222222222222 0.184375 0.05648148148148148 0.010416666666666666
2 0.6430555555555555 0.36432291666666666 0.05648148148148148 0.011979166666666667
2 0.48888888888888893 0.47421875 0.07962962962962963 0.0171875
2 0.637962962962963 0.5942708333333333 0.05925925925925926 0.011458333333333333
2 0.5504629629629629 0.23255208333333333 0.0712962962962963 0.015104166666666667
2 0.5925925925925926 0.7067708333333333 0.06296296296296296 0.0125
2 0.3472222222222222 0.8442708333333333 0.09444444444444444 0.026041666666666668
0 0.690037037037037 0.28940625 0.011805555555555555 0.005583333333333333
2 0.712 0.50653125 0.051416666666666666 0.011479166666666667
2 0.7383981481481482 0.44696354166666663 0.038314814814814815 0.011026041666666668
3 0.73125 0.166375 0.044953703703703704 0.008885416666666666
