0 0.4805555555555555 0.20755208333333333 0.011111111111111112 0.005729166666666666
2 0.7032407407407407 0.646875 0.04351851851851852 0.008333333333333333
3 0.7416666666666667 0.28684895833333335 0.03518518518518519 0.011458333333333333
2 0.7425925925925926 0.6419270833333334 0.040740740740740744 0.0078125
2 0.6773148148148148 0.5463541666666667 0.05277777777777778 0.009375
2 0.5032407407407408 0.7888020833333333 0.07314814814814814 0.009895833333333333
2 0.6657407407407407 0.5518229166666667 0.05 0.0078125
2 0.7203703703703703 0.4466145833333333 0.044444444444444446 0.009895833333333333
2 0.6601851851851852 0.6940104166666666 0.053703703703703705 0.008854166666666666
2 0.637962962962963 0.63046875 0.053703703703703705 0.0109375
2 0.6282407407407408 0.6091145833333333 0.058333333333333334 0.011979166666666667
2 0.6375 0.6684895833333333 0.062037037037037036 0.0109375
2 0.5032407407407408 0.17317708333333334 0.06574074074074074 0.028645833333333332
3 0.5953703703703703 0.58671875 0.06111111111111111 0.011979166666666667
2 0.5583333333333333 0.7567708333333333 0.06666666666666667 0.014583333333333334
2 0.5449074074074074 0.43125 0.0712962962962963 0.0125
2 0.6537037037037037 0.30963541666666666 0.05555555555555555 0.013020833333333334
2 0.5439814814814814 0.6268229166666667 0.06388888888888888 0.0140625
2 0.4921296296296296 0.7809895833333333 0.075 0.0140625
2 0.5703703703703704 0.8046875 0.07037037037037037 0.015625
2 0.561574074074074 0.5020833333333333 0.0712962962962963 0.013541666666666667
2 0.45972222222222225 0.5440104166666667 0.08611111111111111 0.015104166666666667
2 0.274074074074074 0.2942708333333333 0.10740740740740741 0.025
