2 0.7541666666666667 0.5494791666666666 0.032407407407407406 0.009375
2 0.7138888888888889 0.6033854166666667 0.03888888888888889 0.0078125
2 0.7125 0.34765625 0.03981481481481482 0.013020833333333334
2 0.6763888888888889 0.6447916666666667 0.049074074074074076 0.009375
2 0.6828703703703703 0.39791666666666664 0.04722222222222222 0.0125
2 0.6675925925925925 0.4875 0.04814814814814815 0.010416666666666666
3 0.6402777777777777 0.5255208333333333 0.05277777777777778 0.011458333333333333
0 0.374537037037037 0.36223958333333334 0.013888888888888888 0.0078125
2 0.5694444444444444 0.7651041666666667 0.053703703703703705 0.020833333333333332
2 0.47777777777777775 0.5145833333333333 0.05555555555555555 0.013541666666666667
2 0.6365740740740741 0.6690104166666667 0.058333333333333334 0.018229166666666668
2 0.5143518518518518 0.29453125 0.06944444444444445 0.0171875
2 0.611574074074074 0.57578125 0.062037037037037036 0.0140625
2 0.4569444444444445 0.08671875 0.075 0.0265625
2 0.5175925925925926 0.28411458333333334 0.07222222222222222 0.0140625
2 0.3319444444444445 0.4622395833333333 0.09907407407407408 0.019270833333333334
2 0.5453703703703704 0.5794270833333334 0.05185185185185185 0.0234375
1 0.6699074074074074 0.9479166666666666 0.05092592592592592 0.016666666666666666
2 0.6087962962962963 0.60078125 0.058333333333333334 0.016145833333333335
2 0.6523148148148148 0.184375 0.05462962962962963 0.015625
2 0.4842592592592593 0.7505208333333333 0.06666666666666667 0.023958333333333335
2 0.4634259259259259 0.72421875 0.08055555555555556 0.0203125
3 0.7555000000000001 0.23064583333333333 0.040240740740740744 0.010380208333333333
