2 0.43333333333333335 0.5796296296296296 0.010416666666666666 0.040740740740740744
2 0.4330729166666667 0.5430555555555556 0.011979166666666667 0.04537037037037037
2 0.6330729166666667 0.5023148148148149 0.0203125 0.062037037037037036
2 0.29427083333333337 0.6439814814814815 0.010416666666666666 0.04351851851851852
3 0.5446145833333333 0.4554351851851852 0.021244791666666665 0.0632037037037037
2 0.6473958333333334 0.5319444444444444 0.01875 0.058333333333333334
2 0.6015625 0.5013888888888889 0.015625 0.058333333333333334
2 0.38515625 0.6138888888888889 0.011979166666666667 0.044444444444444446
2 0.54609375 0.600462962962963 0.011979166666666667 0.04537037037037037
2 0.16223958333333333 0.5694444444444444 0.013020833333333334 0.05185185185185185
2 0.584375 0.4930555555555556 0.023958333333333335 0.062037037037037036
2 0.6760416666666667 0.312962962962963 0.01875 0.07407407407407407
2 0.4106770833333333 0.5171296296296296 0.013020833333333334 0.05648148148148148
1 0.959375 0.5546296296296296 0.020833333333333332 0.05740740740740741
2 0.32265625 0.4662037037037037 0.018229166666666668 0.06388888888888888
2 0.6825520833333334 0.49722222222222223 0.019270833333333334 0.05740740740740741
2 0.38203125000000004 0.4087962962962963 0.013020833333333334 0.06759259259259259
2 0.6690104166666666 0.4217592592592593 0.025520833333333333 0.06574074074074074
2 0.8252604166666666 0.18564814814814812 0.033854166666666664 0.0787037037037037
3 0.13697916666666665 0.0625 0.034375 0.10277777777777777
2 0.25651041666666663 0.35231481481481486 0.018229166666666668 0.0787037037037037
2 0.78359375 0.21018518518518514 0.0265625 0.07962962962962963
2 0.8565104166666666 0.3282407407407407 0.0265625 0.06944444444444445
3 0.5260833333333333 0.6915833333333334 0.012708333333333332 0.0387037037037037
0 0.7898333333333334 0.1920277777777778 0.00678125 0.015592592592592592
