2 0.4541666666666667 0.6216145833333333 0.049074074074074076 0.0171875
2 0.4277777777777778 0.61796875 0.06111111111111111 0.016145833333333335
1 0.5734722222222222 0.861375 0.055999999999999994 0.013713541666666666
2 0.6023148148148147 0.61875 0.05648148148148148 0.014583333333333334
2 0.5527777777777778 0.65390625 0.05185185185185185 0.008854166666666666
2 0.44351851851851853 0.59609375 0.05925925925925926 0.0234375
2 0.5157407407407407 0.6161458333333333 0.05740740740740741 0.0125
2 0.5629629629629629 0.684375 0.05740740740740741 0.0125
2 0.5166666666666666 0.4552083333333333 0.05555555555555555 0.011458333333333333
2 0.4550925925925926 0.5135416666666667 0.062037037037037036 0.010416666666666666
3 0.4805555555555555 0.48723958333333334 0.06111111111111111 0.013020833333333334
2 0.48564814814814816 0.6604166666666667 0.062037037037037036 0.016666666666666666
2 0.48703703703703705 0.7658854166666667 0.06296296296296296 0.0140625
2 0.5416666666666667 0.30494791666666665 0.05740740740740741 0.009895833333333333
2 0.43472222222222223 0.7364583333333333 0.06018518518518518 0.017708333333333333
2 0.575462962962963 0.5606770833333333 0.05092592592592592 0.013020833333333334
2 0.32453703703703707 0.090625 0.08611111111111111 0.019791666666666666
2 0.2865740740740741 0.08776041666666666 0.0787037037037037 0.022395833333333334
2 0.3921296296296296 0.11692708333333333 0.07314814814814814 0.0140625
2 0.39861111111111114 0.6583333333333333 0.06574074074074074 0.019791666666666666
2 0.3851851851851852 0.36380208333333336 0.07407407407407407 0.016145833333333335
2 0.37083333333333335 0.5979166666666667 0.0712962962962963 0.019791666666666666
3 0.6688333333333334 0.06909375 0.044083333333333335 0.014984375
0 0.41726851851851854 0.5896406249999999 0.013898148148148147 0.007119791666666667
