3 0.3633981481481482 0.7808125 0.03060185185185185 0.009213541666666667
2 0.38930555555555557 0.5591614583333333 0.03263888888888889 0.007901041666666667
2 0.4152777777777778 0.34375 0.03981481481481482 0.010416666666666666
2 0.4125 0.39088541666666665 0.03796296296296296 0.008854166666666666
2 0.3800925925925926 0.86640625 0.030555555555555555 0.009895833333333333
2 0.43842592592592594 0.3369791666666667 0.03796296296296296 0.010416666666666666
3 0.8439814814814814 0.12031250000000004 0.0787037037037037 0.020833333333333332
2 0.44583333333333336 0.3901041666666667 0.03611111111111111 0.0125
2 0.38425925925925924 0.8125 0.02962962962962963 0.0125
2 0.6546296296296297 0.20208333333333328 0.05740740740740741 0.013541666666666667
2 0.48842592592592593 0.6260416666666666 0.04351851851851852 0.011458333333333333
2 0.49444444444444446 0.2841145833333333 0.046296296296296294 0.0140625
2 0.4287037037037037 0.5518229166666666 0.040740740740740744 0.009895833333333333
3 0.481537037037037 0.51025 0.044333333333333336 0.010750000000000001
2 0.5152777777777777 0.36406249999999996 0.049074074074074076 0.010416666666666666
2 0.4398148148148148 0.8705729166666667 0.03888888888888889 0.015104166666666667
2 0.5555555555555556 0.3760416666666667 0.053703703703703705 0.013541666666666667
2 0.7032407407407407 0.19348958333333333 0.06574074074074074 0.013020833333333334
2 0.5504629629629629 0.25703125000000004 0.05462962962962963 0.011979166666666667
2 0.600925925925926 0.34895833333333337 0.05740740740740741 0.015625
2 0.5523148148148148 0.6690104166666666 0.05092592592592592 0.011979166666666667
2 0.5138888888888888 0.8458333333333333 0.04814814814814815 0.0125
2 0.45471296296296293 0.5099739583333334 0.04242592592592593 0.010875
2 0.3797314814814815 0.5635260416666668 0.030851851851851853 0.006197916666666667
