2 0.3475462962962963 0.4232604166666667 0.03837962962962963 0.010770833333333334
2 0.3662037037037037 0.5177083333333333 0.03425925925925926 0.009375
2 0.36527777777777776 0.4005208333333333 0.03611111111111111 0.010416666666666666
2 0.36527777777777776 0.5098958333333333 0.03611111111111111 0.011458333333333333
2 0.387037037037037 0.3651041666666667 0.03518518518518519 0.0125
2 0.3787037037037037 0.7372395833333334 0.04259259259259259 0.0171875
2 0.38101851851851853 0.4638020833333333 0.03611111111111111 0.013020833333333334
1 0.4675925925925926 0.9644114583333333 0.05185185185185185 0.0109375
2 0.4046296296296296 0.26145833333333335 0.037037037037037035 0.013541666666666667
2 0.44537037037037036 0.5479166666666666 0.046296296296296294 0.009375
2 0.4384444444444444 0.415875 0.04362962962962963 0.012078125
2 0.41898148148148145 0.3114583333333333 0.04351851851851852 0.011458333333333333
2 0.4564814814814815 0.5200520833333333 0.044444444444444446 0.011979166666666667
2 0.524074074074074 0.6231770833333333 0.053703703703703705 0.008854166666666666
3 0.4337962962962963 0.34765625 0.04537037037037037 0.016145833333333335
2 0.4439814814814815 0.20338541666666665 0.04722222222222222 0.0109375
2 0.6037037037037037 0.8877604166666666 0.06111111111111111 0.0171875
2 0.6097222222222223 0.39921874999999996 0.062037037037037036 0.0203125
2 0.43287037037037035 0.7330729166666667 0.04351851851851852 0.015104166666666667
3 0.8837962962962963 0.17734375000000002 0.08611111111111111 0.024479166666666666
2 0.6365740740740741 0.24921875000000004 0.06388888888888888 0.011979166666666667
2 0.5518518518518518 0.20208333333333328 0.06111111111111111 0.014583333333333334
3 0.3355092592592593 0.6636093750000001 0.03490740740740741 0.010661458333333334
0 0.38442592592592595 0.4164322916666666 0.011861111111111112 0.006942708333333334
2 0.42346296296296293 0.4163593750000001 0.04248148148148148 0.011885416666666667
