2 0.4824074074074074 0.6369791666666667 0.04814814814814815 0.008333333333333333
3 0.061574074074074114 0.91015625 0.075 0.022395833333333334
2 0.5657407407407408 0.5255208333333333 0.03888888888888889 0.009375
2 0.47777777777777775 0.640625 0.05555555555555555 0.010416666666666666
0 0.6296296296296297 0.9807291666666667 0.012962962962962963 0.008333333333333333
2 0.5439814814814814 0.40286458333333336 0.04537037037037037 0.009895833333333333
2 0.5888888888888889 0.6341145833333334 0.046296296296296294 0.009895833333333333
2 0.5569444444444445 0.39088541666666665 0.04351851851851852 0.009895833333333333
2 0.18657407407407411 0.5721354166666667 0.07685185185185185 0.0140625
2 0.5199074074074075 0.5169270833333334 0.04537037037037037 0.009895833333333333
3 0.43472222222222223 0.4421875 0.062037037037037036 0.011458333333333333
2 0.4814814814814815 0.4375 0.053703703703703705 0.011458333333333333
2 0.5055555555555555 0.46953125 0.04814814814814815 0.0109375
2 0.3675925925925926 0.81796875 0.06666666666666667 0.015104166666666667
2 0.5157407407407407 0.34921875 0.053703703703703705 0.011979166666666667
2 0.5328703703703703 0.7018229166666666 0.05277777777777778 0.0109375
2 0.3652777777777778 0.23802083333333332 0.06759259259259259 0.0125
2 0.43194444444444446 0.3763020833333333 0.058333333333333334 0.013020833333333334
2 0.3912037037037037 0.58046875 0.06574074074074074 0.011979166666666667
2 0.3324074074074074 0.5700520833333333 0.06666666666666667 0.016145833333333335
2 0.44907407407407407 0.2942708333333333 0.05925925925925926 0.014583333333333334
2 0.20185185185185184 0.23567708333333334 0.08148148148148149 0.019270833333333334
2 0.28935185185185186 0.434375 0.06759259259259259 0.014583333333333334
3 0.6233425925925926 0.40452083333333333 0.04028703703703704 0.010958333333333332
0 0.5693611111111112 0.6332187499999999 0.00837037037037037 0.003739583333333333
