2 0.3145833333333333 0.575 0.017708333333333333 0.037037037037037035
1 0.21666666666666667 0.5527777777777778 0.016666666666666666 0.03333333333333333
2 0.32890624999999996 0.5777777777777777 0.0109375 0.044444444444444446
2 0.31718749999999996 0.5412037037037036 0.017708333333333333 0.041666666666666664
2 0.4473958333333333 0.5810185185185186 0.0125 0.04351851851851852
2 0.27031249999999996 0.5444444444444445 0.019791666666666666 0.044444444444444446
2 0.10755208333333333 0.475 0.015104166666666667 0.044444444444444446
2 0.45390624999999996 0.55 0.016145833333333335 0.046296296296296294
3 0.4776041666666667 0.5287037037037037 0.009375 0.05555555555555555
2 0.14765625000000004 0.4986111111111111 0.011979166666666667 0.049074074074074076
2 0.39973958333333337 0.5731481481481482 0.009895833333333333 0.040740740740740744
2 0.34114583333333337 0.5314814814814814 0.020833333333333332 0.04814814814814815
2 0.26536458333333335 0.4981481481481481 0.0109375 0.05740740740740741
2 0.3671875 0.48703703703703705 0.013541666666666667 0.05740740740740741
2 0.6015625 0.5680555555555555 0.013541666666666667 0.05277777777777778
2 0.15911458333333328 0.4634259259259259 0.015104166666666667 0.05462962962962963
2 0.3731770833333333 0.41435185185185186 0.016145833333333335 0.062037037037037036
2 0.8411458333333334 0.5138888888888888 0.010416666666666666 0.05925925925925926
2 0.29296875 0.44166666666666665 0.011979166666666667 0.07037037037037037
2 0.8015625 0.38842592592592595 0.015625 0.0712962962962963
2 0.7385416666666667 0.44074074074074077 0.0125 0.06296296296296296
2 0.5096354166666667 0.3856481481481482 0.0171875 0.07314814814814814
0 0.10222395833333331 0.45851851851851855 0.007052083333333333 0.014657407407407407
