3 0.3365740740740741 0.5408854166666667 0.03425925925925926 0.0078125
2 0.4324074074074074 0.49973958333333335 0.04259259259259259 0.011979166666666667
1 0.47321296296296295 0.7998854166666667 0.045287037037037035 0.014187499999999999
2 0.47314814814814815 0.45052083333333337 0.05185185185185185 0.008333333333333333
2 0.40579629629629627 0.4970052083333333 0.04207407407407407 0.010135416666666668
2 0.4828703703703704 0.5481770833333333 0.05648148148148148 0.013020833333333334
3 0.5231481481481481 0.4174479166666667 0.05925925925925926 0.011979166666666667
2 0.4810185185185185 0.45677083333333335 0.05277777777777778 0.009375
2 0.5637037037037037 0.15331249999999996 0.07999074074074074 0.013166666666666667
2 0.487962962962963 0.5369791666666667 0.053703703703703705 0.016666666666666666
2 0.4356481481481482 0.6671875 0.05277777777777778 0.011458333333333333
2 0.49722222222222223 0.79765625 0.04814814814814815 0.0109375
2 0.3921296296296296 0.43723958333333335 0.04537037037037037 0.0140625
2 0.5527777777777778 0.85390625 0.05925925925925926 0.011979166666666667
2 0.5583333333333333 0.58828125 0.06111111111111111 0.0171875
2 0.6643518518518519 0.5955729166666667 0.06944444444444445 0.0171875
2 0.5472222222222223 0.41093749999999996 0.06296296296296296 0.015625
2 0.6652777777777777 0.6234375 0.06574074074074074 0.0125
2 0.44074074074074077 0.6958333333333333 0.05185185185185185 0.011458333333333333
2 0.549074074074074 0.07239583333333333 0.06481481481481481 0.01875
2 0.4981481481481482 0.5729166666666667 0.053703703703703705 0.015625
2 0.4638888888888889 0.21458333333333335 0.05 0.017708333333333333
2 0.6222222222222222 0.12864583333333335 0.06666666666666667 0.015625
