2 0.40879629629629627 0.40312499999999996 0.03796296296296296 0.009375
2 0.5930555555555556 0.1796875 0.032407407407407406 0.015625
2 0.42824074074074076 0.40859375 0.03796296296296296 0.011979166666666667
2 0.39814814814814814 0.6513020833333334 0.03888888888888889 0.009895833333333333
3 0.5050925925925925 0.4453125 0.04722222222222222 0.0125
2 0.48518518518518516 0.4625 0.044444444444444446 0.013541666666666667
2 0.5231481481481481 0.6177083333333333 0.05 0.016666666666666666
2 0.44351851851851853 0.6614583333333333 0.03888888888888889 0.010416666666666666
1 0.4425925925925926 0.07291666666666663 0.04814814814814815 0.0125
2 0.5189814814814815 0.2455729166666667 0.05092592592592592 0.011979166666666667
2 0.44722222222222224 0.3296875 0.046296296296296294 0.011458333333333333
2 0.5273148148148148 0.43229166666666663 0.05277777777777778 0.009375
2 0.487962962962963 0.77578125 0.044444444444444446 0.0140625
2 0.5115740740740741 0.36640625000000004 0.05092592592592592 0.008854166666666666
2 0.5555555555555556 0.31666666666666665 0.05555555555555555 0.008333333333333333
2 0.49537037037037035 0.48515624999999996 0.05185185185185185 0.0203125
2 0.45416666666666666 0.8005208333333333 0.04722222222222222 0.011458333333333333
2 0.47175925925925927 0.5578125 0.04722222222222222 0.013541666666666667
2 0.5805555555555556 0.3018229166666667 0.05555555555555555 0.011979166666666667
2 0.5685185185185185 0.5981770833333333 0.05925925925925926 0.015104166666666667
3 0.7601388888888889 0.019921874999999978 0.0795462962962963 0.036932291666666665
2 0.55 0.7552083333333334 0.05555555555555555 0.022916666666666665
2 0.5958333333333333 0.19687500000000002 0.058333333333333334 0.011458333333333333
3 0.34891666666666665 0.7809583333333333 0.03384259259259259 0.009760416666666666
