2 0.28151041666666665 0.6268518518518518 0.011979166666666667 0.05555555555555555
2 0.4559895833333333 0.7092592592592593 0.0109375 0.04259259259259259
2 0.30781250000000004 0.6134259259259259 0.011458333333333333 0.05462962962962963
2 0.17994791666666665 0.5212962962962964 0.015104166666666667 0.06851851851851852
2 0.4002604166666667 0.6680555555555556 0.0109375 0.05092592592592592
1 0.046875 0.5638888888888889 0.0125 0.06481481481481481
2 0.4979166666666667 0.7018518518518518 0.011458333333333333 0.046296296296296294
2 0.5575520833333334 0.6944444444444444 0.015104166666666667 0.05
2 0.5254218749999999 0.606462962962963 0.01478125 0.059
2 0.08828124999999998 0.5217592592592593 0.022395833333333334 0.06574074074074074
2 0.44401041666666663 0.5143518518518518 0.0203125 0.06759259259259259
2 0.5721354166666667 0.6236111111111111 0.0140625 0.062037037037037036
2 0.2638020833333333 0.5972222222222222 0.021354166666666667 0.06296296296296296
2 0.3598958333333333 0.5662037037037038 0.013541666666666667 0.06388888888888888
2 0.17395833333333333 0.5833333333333333 0.013541666666666667 0.06296296296296296
2 0.19244791666666672 0.48842592592592593 0.019270833333333334 0.06759259259259259
2 0.10781249999999998 0.5347222222222222 0.017708333333333333 0.06574074074074074
3 0.5557291666666666 0.6282407407407408 0.0125 0.06388888888888888
2 0.9145833333333333 0.5185185185185186 0.016666666666666666 0.07037037037037037
2 0.3247395833333333 0.4745370370370371 0.021354166666666667 0.07685185185185185
2 0.5822916666666667 0.5199074074074075 0.020833333333333332 0.0712962962962963
0 0.46910416666666666 0.6942314814814814 0.004671875000000001 0.009277777777777777
2 0.26171875 0.6323518518518518 0.014307291666666666 0.05304629629629629
