2 0.6462962962962964 0.6518229166666667 0.02962962962962963 0.0067708333333333336
2 0.6263888888888889 0.4713541666666667 0.03611111111111111 0.009375
2 0.5972222222222222 0.80078125 0.03518518518518519 0.009895833333333333
3 0.587962962962963 0.6518229166666667 0.040740740740740744 0.013020833333333334
2 0.6185185185185185 0.5645833333333333 0.03518518518518519 0.008333333333333333
1 0.5097222222222222 0.08489583333333334 0.04722222222222222 0.0125
2 0.575925925925926 0.8088541666666667 0.03518518518518519 0.009375
2 0.6037037037037036 0.32005208333333335 0.03518518518518519 0.0078125
2 0.5462962962962963 0.46901041666666665 0.046296296296296294 0.008854166666666666
2 0.5574074074074074 0.68515625 0.044444444444444446 0.008854166666666666
2 0.5625 0.6307291666666667 0.04537037037037037 0.009375
2 0.5319444444444444 0.20052083333333334 0.041666666666666664 0.0125
2 0.5291666666666667 0.24479166666666666 0.049074074074074076 0.009375
2 0.5625 0.8419270833333333 0.041666666666666664 0.011979166666666667
2 0.4708333333333333 0.6536458333333334 0.05462962962962963 0.011458333333333333
2 0.4925925925925926 0.41067708333333336 0.053703703703703705 0.0140625
2 0.4384259259259259 0.8440104166666667 0.062037037037037036 0.0140625
2 0.4629629629629629 0.8658854166666666 0.05740740740740741 0.015104166666666667
2 0.3111111111111111 0.5979166666666667 0.07777777777777778 0.015625
2 0.4291666666666667 0.5807291666666666 0.058333333333333334 0.017708333333333333
2 0.3921296296296296 0.890625 0.06759259259259259 0.015625
2 0.3833333333333333 0.47161458333333334 0.07222222222222222 0.011979166666666667
0 0.48185185185185186 0.09489062499999999 0.011953703703703704 0.005614583333333333
3 0.6743518518518519 0.4180885416666667 0.0285 0.006869791666666666
