2 0.700462962962963 0.5986979166666667 0.030555555555555555 0.008854166666666666
2 0.6722222222222223 0.5111979166666667 0.03333333333333333 0.0078125
2 0.637962962962963 0.6013020833333333 0.03518518518518519 0.0067708333333333336
2 0.6185092592592593 0.425046875 0.03896296296296296 0.008119791666666666
2 0.5527777777777778 0.4901041666666667 0.046296296296296294 0.009375
2 0.6152777777777778 0.63125 0.03611111111111111 0.008333333333333333
2 0.600462962962963 0.5520833333333334 0.03981481481481482 0.009375
2 0.36898148148148147 0.3729166666666667 0.06018518518518518 0.011458333333333333
2 0.5199074074074075 0.5140625 0.04722222222222222 0.009375
2 0.5981481481481481 0.6979166666666666 0.03888888888888889 0.010416666666666666
2 0.6587962962962963 0.7278645833333334 0.03611111111111111 0.0078125
2 0.5875 0.4166666666666667 0.04351851851851852 0.009375
2 0.5467592592592593 0.7111979166666667 0.04722222222222222 0.009895833333333333
2 0.537962962962963 0.38723958333333336 0.04814814814814815 0.009895833333333333
2 0.6134259259259259 0.72265625 0.03796296296296296 0.0067708333333333336
2 0.5407407407407407 0.39895833333333336 0.05185185185185185 0.007291666666666667
2 0.525 0.91640625 0.044444444444444446 0.008854166666666666
2 0.5078703703703704 0.5046875 0.04722222222222222 0.0125
1 0.587037037037037 0.08411458333333334 0.044444444444444446 0.011979166666666667
2 0.31898148148148153 0.73125 0.06759259259259259 0.015625
2 0.2069444444444445 0.3541666666666667 0.07314814814814814 0.016666666666666666
0 0.5057314814814815 0.9030677083333334 0.010074074074074076 0.004973958333333334
2 0.7158518518518519 0.4402135416666667 0.029046296296296296 0.0067239583333333335
2 0.6247314814814815 0.422703125 0.03847222222222222 0.008598958333333333
