2 0.6925925925925926 0.6596354166666667 0.027777777777777776 0.009895833333333333
2 0.5550925925925926 0.40703125 0.04351851851851852 0.0078125
2 0.6388888888888888 0.6348958333333333 0.037037037037037035 0.009375
2 0.6773148148148148 0.5395833333333333 0.03425925925925926 0.009375
2 0.6199074074074074 0.5973958333333333 0.03796296296296296 0.008333333333333333
2 0.6249722222222223 0.44510937500000003 0.038842592592592595 0.011052083333333332
2 0.6708333333333334 0.74609375 0.03611111111111111 0.008854166666666666
2 0.6041666666666667 0.428125 0.041666666666666664 0.007291666666666667
2 0.5583333333333333 0.5067708333333333 0.04814814814814815 0.010416666666666666
2 0.6273148148148149 0.7736979166666667 0.03796296296296296 0.0109375
2 0.5092592592592593 0.40651041666666665 0.05555555555555555 0.0109375
1 0.587962962962963 0.07161458333333333 0.046296296296296294 0.009895833333333333
2 0.5277777777777778 0.5520833333333334 0.05 0.010416666666666666
2 0.5976851851851852 0.7098958333333333 0.03981481481481482 0.009375
2 0.6185185185185185 0.6736979166666667 0.040740740740740744 0.0067708333333333336
3 0.5745370370370371 0.5213541666666667 0.04537037037037037 0.007291666666666667
2 0.5388888888888889 0.9234375 0.04814814814814815 0.011458333333333333
2 0.5643518518518518 0.803125 0.049074074074074076 0.013541666666666667
2 0.37870370370370365 0.39505208333333336 0.05740740740740741 0.015104166666666667
2 0.35277777777777775 0.75703125 0.06481481481481481 0.0140625
2 0.28240740740740744 0.4432291666666667 0.06666666666666667 0.019791666666666666
0 0.6117777777777778 0.7630885416666667 0.010379629629629631 0.005161458333333333
2 0.6348703703703704 0.44651562499999997 0.04359259259259259 0.009817708333333335
3 0.7162222222222222 0.44780729166666666 0.029907407407407403 0.007234375
