2 0.3023148148148148 0.19427083333333328 0.026851851851851852 0.009375
2 0.29907407407407405 0.28125 0.02962962962962963 0.007291666666666667
2 0.40694444444444444 0.59765625 0.04722222222222222 0.009895833333333333
1 0.43016666666666664 0.9791666666666666 0.049074074074074076 0.009375
2 0.42437037037037034 0.1157135416666667 0.044000000000000004 0.01371875
2 0.32407407407407407 0.43828124999999996 0.03518518518518519 0.0067708333333333336
2 0.37453703703703706 0.40078125 0.03981481481481482 0.0078125
2 0.5009259259259259 0.5942708333333333 0.05555555555555555 0.010416666666666666
2 0.4587962962962963 0.4950520833333333 0.04722222222222222 0.0078125
2 0.3597222222222222 0.3197916666666667 0.03796296296296296 0.011458333333333333
2 0.3712962962962963 0.37083333333333335 0.03888888888888889 0.009375
2 0.36712962962962964 0.59140625 0.041666666666666664 0.0078125
3 0.4236111111111111 0.38828125 0.04537037037037037 0.011979166666666667
2 0.47824074074074074 0.4731770833333333 0.05092592592592592 0.009895833333333333
2 0.5111111111111111 0.17760416666666667 0.05185185185185185 0.014583333333333334
2 0.5731481481481482 0.590625 0.05740740740740741 0.015625
2 0.4203703703703704 0.19765624999999998 0.044444444444444446 0.013020833333333334
2 0.7060185185185185 0.4442708333333333 0.06574074074074074 0.013541666666666667
2 0.7078703703703704 0.4091145833333333 0.06944444444444445 0.0171875
2 0.6453703703703704 0.17604166666666665 0.06296296296296296 0.021875
2 0.41352777777777777 0.11940625000000005 0.044787037037037035 0.012390624999999999
0 0.31301851851851853 0.20329687499999993 0.006101851851851851 0.0031093749999999997
3 0.2863888888888889 0.6003177083333333 0.030490740740740742 0.008140625
