2 0.4287037037037037 0.4302083333333333 0.025925925925925925 0.009375
1 0.4305555555555556 0.7765625 0.037037037037037035 0.009375
2 0.3925925925925926 0.5510416666666667 0.02962962962962963 0.011458333333333333
2 0.43796296296296294 0.4549479166666667 0.02962962962962963 0.008854166666666666
2 0.49027777777777776 0.7533854166666667 0.04537037037037037 0.009895833333333333
2 0.46064814814814814 0.5234375 0.032407407407407406 0.010416666666666666
2 0.42592592592592593 0.6270833333333333 0.03888888888888889 0.013541666666666667
2 0.4773148148148148 0.6677083333333333 0.03981481481481482 0.011458333333333333
2 0.4376203703703704 0.3049375 0.032157407407407405 0.013036458333333334
2 0.4685185185185185 0.4848958333333333 0.04259259259259259 0.009375
2 0.5268518518518519 0.15156250000000004 0.04814814814814815 0.011458333333333333
2 0.5106481481481482 0.7786458333333334 0.04351851851851852 0.015625
2 0.5576944444444444 0.6747864583333334 0.04873148148148149 0.015197916666666667
2 0.5476851851851852 0.16093749999999996 0.05462962962962963 0.011458333333333333
2 0.5981481481481481 0.3153645833333333 0.05555555555555555 0.022395833333333334
2 0.6166666666666667 0.47343749999999996 0.05185185185185185 0.014583333333333334
2 0.46435185185185185 0.1557291666666667 0.03796296296296296 0.015625
2 0.6032407407407407 0.94296875 0.05277777777777778 0.013020833333333334
3 0.8354166666666667 0.08517187500000001 0.0912037037037037 0.025552083333333333
3 0.3542777777777778 0.5613854166666667 0.03146296296296296 0.0066770833333333335
2 0.4344074074074074 0.6627083333333333 0.041666666666666664 0.010651041666666666
2 0.42475 0.6571666666666667 0.04338888888888889 0.009864583333333335
0 0.46223148148148147 0.35988020833333334 0.01038888888888889 0.005114583333333334
2 0.4314444444444444 0.3013072916666667 0.03390740740740741 0.00840625
