2 0.6564722222222222 0.48405729166666667 0.04257407407407407 0.011859375
2 0.6712962962962963 0.5981770833333333 0.03888888888888889 0.011979166666666667
3 0.6777777777777778 0.2604166666666667 0.040740740740740744 0.009375
2 0.6449074074074075 0.58515625 0.041666666666666664 0.009895833333333333
2 0.6481481481481481 0.6184895833333334 0.040740740740740744 0.011979166666666667
2 0.6657407407407407 0.53671875 0.037037037037037035 0.0109375
2 0.65 0.34661458333333334 0.040740740740740744 0.0109375
2 0.6328703703703704 0.5111979166666667 0.03981481481481482 0.0140625
3 0.6009259259259259 0.5997395833333333 0.05740740740740741 0.0109375
2 0.6319444444444444 0.74296875 0.05092592592592592 0.013020833333333334
2 0.5944444444444444 0.696875 0.05 0.013541666666666667
2 0.5620370370370371 0.8015625 0.05925925925925926 0.014583333333333334
2 0.6152777777777778 0.39036458333333335 0.05277777777777778 0.011979166666666667
2 0.5939814814814814 0.7192708333333333 0.05277777777777778 0.013541666666666667
2 0.24722222222222223 0.4309895833333333 0.09074074074074075 0.0203125
2 0.47824074074074074 0.8546875 0.06759259259259259 0.017708333333333333
2 0.5388888888888889 0.4830729166666667 0.05740740740740741 0.0140625
2 0.47777777777777775 0.1703125 0.07037037037037037 0.014583333333333334
2 0.4800925925925926 0.825 0.07314814814814814 0.028125
2 0.2847222222222222 0.7768229166666667 0.08611111111111111 0.015104166666666667
2 0.5949074074074074 0.23828125 0.058333333333333334 0.0109375
2 0.47870370370370374 0.640625 0.06481481481481481 0.019791666666666666
0 0.6374444444444445 0.5733697916666666 0.01062962962962963 0.005151041666666667
