0 0.38842592592592595 0.3768229166666667 0.012037037037037037 0.005729166666666666
2 0.6555555555555556 0.44479166666666664 0.037037037037037035 0.008333333333333333
2 0.6388888888888888 0.5140625 0.04259259259259259 0.008333333333333333
2 0.5708333333333333 0.4393229166666667 0.04722222222222222 0.008854166666666666
2 0.6375 0.32864583333333336 0.04351851851851852 0.008333333333333333
2 0.6481481481481481 0.6986979166666667 0.040740740740740744 0.0078125
2 0.25 0.7216145833333333 0.08703703703703704 0.018229166666666668
2 0.6245370370370371 0.7341145833333333 0.04722222222222222 0.009895833333333333
2 0.5976851851851852 0.7091145833333333 0.049074074074074076 0.009895833333333333
2 0.6337962962962963 0.6796875 0.041666666666666664 0.009375
2 0.575925925925926 0.5958333333333333 0.046296296296296294 0.009375
2 0.5800925925925926 0.2864583333333333 0.05092592592592592 0.010416666666666666
2 0.4898148148148148 0.6216145833333333 0.05925925925925926 0.0171875
3 0.5819444444444444 0.5731770833333333 0.049074074074074076 0.0109375
2 0.4541666666666667 0.38385416666666666 0.049074074074074076 0.014583333333333334
2 0.5486111111111112 0.7322916666666667 0.05462962962962963 0.0125
2 0.4199074074074074 0.3729166666666667 0.06759259259259259 0.029166666666666667
2 0.47638888888888886 0.5565104166666667 0.06018518518518518 0.018229166666666668
2 0.4990740740740741 0.41041666666666665 0.05555555555555555 0.011458333333333333
2 0.3939814814814815 0.61875 0.06574074074074074 0.016666666666666666
2 0.350925925925926 0.4049479166666667 0.07407407407407407 0.018229166666666668
2 0.3828703703703704 0.8072916666666666 0.06574074074074074 0.016666666666666666
3 0.6799907407407407 0.27536458333333336 0.03943518518518519 0.009557291666666667
