1 0.9606770833333333 0.5525648148148148 0.0171875 0.04814814814814815
2 0.44895833333333335 0.5810185185185186 0.0125 0.03796296296296296
2 0.30052083333333335 0.5569444444444445 0.0125 0.04722222222222222
2 0.4432291666666667 0.5462962962962963 0.010416666666666666 0.044444444444444446
2 0.17656249999999996 0.563425925925926 0.014583333333333334 0.041666666666666664
2 0.5794270833333333 0.5856481481481481 0.008854166666666666 0.041666666666666664
2 0.57265625 0.55 0.008854166666666666 0.046296296296296294
2 0.4854166666666667 0.4388888888888889 0.011458333333333333 0.05740740740740741
2 0.68671875 0.5384259259259259 0.015104166666666667 0.05277777777777778
2 0.18723958333333335 0.4981481481481481 0.018229166666666668 0.05185185185185185
2 0.19557291666666665 0.5212962962962964 0.011979166666666667 0.05
2 0.40937500000000004 0.5166666666666666 0.016666666666666666 0.044444444444444446
2 0.5981770833333333 0.5143518518518518 0.009895833333333333 0.049074074074074076
2 0.6299479166666666 0.5305555555555556 0.0109375 0.046296296296296294
2 0.48697916666666663 0.3916666666666667 0.019791666666666666 0.05740740740740741
2 0.7158854166666666 0.5208333333333333 0.011979166666666667 0.05092592592592592
2 0.13046875000000002 0.44398148148148153 0.0171875 0.062037037037037036
2 0.78046875 0.4212962962962963 0.011979166666666667 0.05925925925925926
2 0.06354166666666672 0.4726851851851852 0.015625 0.058333333333333334
3 0.6325520833333333 0.4740740740740741 0.013020833333333334 0.05740740740740741
2 0.82421875 0.336574074074074 0.0234375 0.0712962962962963
0 0.4204479166666667 0.5448796296296297 0.005989583333333334 0.01163888888888889
2 0.6909270833333334 0.5560277777777778 0.009833333333333333 0.047157407407407405
3 0.5858749999999999 0.6488425925925926 0.009828125 0.03499074074074074
