2 0.5398148148148147 0.4640625 0.03148148148148148 0.010416666666666666
2 0.5120370370370371 0.4322916666666667 0.03888888888888889 0.011458333333333333
2 0.4930555555555556 0.6317708333333333 0.03796296296296296 0.008333333333333333
2 0.5069444444444444 0.7442708333333333 0.03981481481481482 0.009375
1 0.48669444444444443 0.15677083333333333 0.04351851851851852 0.008333333333333333
2 0.43101851851851847 0.14322916666666666 0.03796296296296296 0.010416666666666666
2 0.44351851851851853 0.6447916666666667 0.044444444444444446 0.009375
2 0.47685185185185186 0.46536458333333336 0.040740740740740744 0.008854166666666666
2 0.5310185185185186 0.309375 0.03611111111111111 0.007291666666666667
2 0.4212962962962963 0.7690104166666667 0.046296296296296294 0.013020833333333334
2 0.44305555555555554 0.3841145833333333 0.04351851851851852 0.013020833333333334
3 0.5041666666666667 0.5171875 0.03796296296296296 0.008333333333333333
2 0.4564814814814815 0.6919270833333333 0.04259259259259259 0.0067708333333333336
2 0.30694444444444446 0.28463541666666664 0.05648148148148148 0.008854166666666666
2 0.38657407407407407 0.32708333333333334 0.05092592592592592 0.008333333333333333
2 0.3375 0.7276041666666667 0.05648148148148148 0.010416666666666666
2 0.29166666666666663 0.5872395833333334 0.05925925925925926 0.013020833333333334
2 0.38703703703703707 0.8583333333333333 0.05555555555555555 0.011458333333333333
3 0.21944444444444444 0.8627604166666667 0.07037037037037037 0.0171875
0 0.41042592592592597 0.15658854166666666 0.013092592592592593 0.0076770833333333335
3 0.6076388888888888 0.3751666666666667 0.024009259259259258 0.006838541666666667
2 0.5765925925925925 0.479921875 0.03096296296296296 0.010135416666666668
2 0.5549537037037038 0.5330364583333334 0.0347037037037037 0.009036458333333334
2 0.5569537037037037 0.6968541666666667 0.0330925925925926 0.008229166666666668
2 0.5510555555555555 0.6919322916666667 0.03143518518518519 0.007526041666666666
