2 0.3818020833333333 0.7676018518518518 0.008270833333333333 0.037648148148148146
2 0.24296874999999996 0.7027777777777777 0.011979166666666667 0.05185185185185185
2 0.3153645833333333 0.7342592592592593 0.009895833333333333 0.046296296296296294
2 0.4263020833333333 0.7722222222222223 0.0109375 0.037037037037037035
2 0.29270833333333335 0.7236111111111111 0.0125 0.04351851851851852
2 0.23072916666666665 0.6935185185185185 0.010416666666666666 0.046296296296296294
2 0.45390624999999996 0.7324074074074074 0.008854166666666666 0.046296296296296294
2 0.3075520833333333 0.7078703703703704 0.008854166666666666 0.049074074074074076
3 0.47968750000000004 0.7402777777777778 0.009375 0.04722222222222222
2 0.3588541666666667 0.7115740740740741 0.009375 0.049074074074074076
2 0.24973958333333335 0.6699074074074074 0.013020833333333334 0.05277777777777778
2 0.6455729166666666 0.7597222222222222 0.008854166666666666 0.03796296296296296
2 0.8567708333333334 0.686574074074074 0.009375 0.05277777777777778
2 0.20885416666666667 0.6652777777777779 0.010416666666666666 0.05092592592592592
2 0.5940104166666667 0.6819444444444445 0.009895833333333333 0.05277777777777778
2 0.28880208333333335 0.6226851851851851 0.013020833333333334 0.058333333333333334
2 0.8231770833333334 0.6861111111111111 0.0109375 0.05555555555555555
2 0.503125 0.6763888888888889 0.015625 0.05277777777777778
2 0.8393229166666667 0.6143518518518518 0.0171875 0.06574074074074074
1 0.17494270833333336 0.7068055555555556 0.012067708333333335 0.043194444444444445
2 0.37826562499999994 0.7733518518518518 0.008557291666666666 0.037814814814814815
3 0.9698489583333333 0.7545833333333334 0.012442708333333333 0.056916666666666664
