2 0.25787037037037036 0.81484375 0.04722222222222222 0.013020833333333334
0 0.5597222222222222 0.18098958333333337 0.012037037037037037 0.0078125
2 0.31624074074074077 0.8480364583333333 0.05285185185185185 0.01642708333333333
2 0.7231481481481481 0.46328125 0.10740740740740741 0.03802083333333333
2 0.3365740740740741 0.71640625 0.06018518518518518 0.011979166666666667
2 0.25833333333333336 0.4130208333333333 0.04814814814814815 0.011458333333333333
2 0.36898148148148147 0.53828125 0.058333333333333334 0.0171875
2 0.3763888888888889 0.55859375 0.062037037037037036 0.0234375
2 0.35138888888888886 0.31796875 0.06388888888888888 0.0203125
2 0.30462962962962964 0.5005208333333333 0.05185185185185185 0.014583333333333334
2 0.412962962962963 0.21484375 0.07037037037037037 0.016145833333333335
3 0.43425925925925923 0.7481770833333333 0.07777777777777778 0.015104166666666667
2 0.4773148148148148 0.4822916666666667 0.0787037037037037 0.017708333333333333
2 0.4527777777777778 0.87890625 0.07777777777777778 0.015104166666666667
2 0.4046296296296296 0.725 0.06851851851851852 0.021875
2 0.662962962962963 0.840625 0.1 0.022916666666666665
2 0.4824074074074074 0.5786458333333333 0.08148148148148149 0.020833333333333332
2 0.6023148148148149 0.9692708333333333 0.09722222222222222 0.023958333333333335
2 0.7449074074074075 0.4236979166666667 0.11018518518518519 0.0359375
2 0.5319444444444444 0.14140624999999996 0.08611111111111111 0.0171875
2 0.4527777777777778 0.9260416666666667 0.08333333333333333 0.028125
2 0.5962962962962963 0.6166666666666667 0.08888888888888889 0.03229166666666667
3 0.2258425925925926 0.8708281250000001 0.04686111111111111 0.011151041666666667
