2 0.17962962962962964 0.2924479166666667 0.053703703703703705 0.018229166666666668
2 0.2037037037037037 0.2997395833333333 0.06296296296296296 0.0140625
2 0.19398148148148148 0.3135416666666667 0.06574074074074074 0.016666666666666666
2 0.22361111111111112 0.2622395833333333 0.05462962962962963 0.0203125
2 0.275 0.26145833333333335 0.08148148148148149 0.021875
2 0.14953703703703702 0.5505208333333333 0.06018518518518518 0.009375
2 0.22592592592592592 0.20234375000000004 0.07407407407407407 0.0109375
2 0.19444444444444445 0.7986979166666667 0.07037037037037037 0.013020833333333334
2 0.1986111111111111 0.6953125 0.06574074074074074 0.014583333333333334
2 0.20277777777777778 0.42109375000000004 0.05740740740740741 0.021354166666666667
2 0.25787037037037036 0.7046875 0.06944444444444445 0.016666666666666666
2 0.2 0.5828125 0.07037037037037037 0.015625
2 0.262037037037037 0.18229166666666663 0.07407407407407407 0.013541666666666667
2 0.22870370370370371 0.4854166666666667 0.05740740740740741 0.025
2 0.22175925925925927 0.38307291666666665 0.0712962962962963 0.019270833333333334
3 0.2638888888888889 0.5359375 0.07962962962962963 0.019791666666666666
2 0.22685185185185186 0.5166666666666666 0.06851851851851852 0.015625
2 0.25324074074074077 0.7916666666666666 0.0787037037037037 0.013541666666666667
2 0.34814814814814815 0.6078125 0.07592592592592592 0.023958333333333335
2 0.3148148148148148 0.11979166666666663 0.07962962962962963 0.017708333333333333
3 0.13044444444444445 0.817078125 0.06736111111111111 0.014651041666666666
2 0.17612037037037037 0.31070312499999997 0.06339814814814815 0.020614583333333332
