2 0.23935185185185184 0.34895833333333337 0.03796296296296296 0.009375
3 0.23425925925925925 0.79609375 0.03888888888888889 0.008854166666666666
2 0.2518518518518518 0.3263020833333333 0.03518518518518519 0.0140625
2 0.35509259259259257 0.34687500000000004 0.049074074074074076 0.016666666666666666
2 0.34444444444444444 0.2908854166666667 0.05185185185185185 0.015104166666666667
2 0.2768148148148148 0.31903125 0.04066666666666667 0.013421875
3 0.31203703703703706 0.4705729166666667 0.04814814814814815 0.018229166666666668
2 0.2833333333333333 0.41093749999999996 0.03888888888888889 0.016666666666666666
2 0.3199074074074074 0.5533854166666667 0.04722222222222222 0.0109375
2 0.2574074074074074 0.64921875 0.03888888888888889 0.009895833333333333
2 0.2587962962962963 0.8111979166666666 0.03981481481481482 0.009895833333333333
2 0.2569444444444444 0.5794270833333333 0.041666666666666664 0.015104166666666667
2 0.2722222222222222 0.38151041666666663 0.04259259259259259 0.011979166666666667
2 0.425462962962963 0.5046875 0.05648148148148148 0.01875
2 0.26342592592592595 0.59609375 0.04537037037037037 0.011979166666666667
2 0.3851851851851852 0.16979166666666667 0.05 0.028125
2 0.38657407407407407 0.1908854166666667 0.05277777777777778 0.0140625
2 0.41202777777777777 0.29908333333333337 0.05924074074074074 0.020041666666666666
2 0.32592592592592595 0.16249999999999998 0.05185185185185185 0.014583333333333334
2 0.33564814814814814 0.4325520833333333 0.049074074074074076 0.019270833333333334
2 0.3486111111111111 0.8393229166666667 0.06018518518518518 0.018229166666666668
2 0.30234259259259255 0.3177291666666666 0.04340740740740741 0.015390625
