2 0.37129629629629635 0.17526041666666667 0.04814814814814815 0.018229166666666668
2 0.4824074074074074 0.18697916666666667 0.046296296296296294 0.009375
2 0.6587962962962963 0.4700520833333333 0.030555555555555555 0.0067708333333333336
2 0.6 0.3450520833333333 0.040740740740740744 0.0078125
2 0.5717592592592593 0.44427083333333334 0.04351851851851852 0.008333333333333333
2 0.5583333333333333 0.30546875 0.046296296296296294 0.008854166666666666
2 0.5976851851851852 0.33489583333333334 0.03796296296296296 0.008333333333333333
2 0.5041666666666667 0.6161458333333333 0.04722222222222222 0.009375
2 0.5462962962962963 0.32421875 0.04259259259259259 0.0109375
2 0.6768518518518518 0.6026041666666667 0.03518518518518519 0.008333333333333333
2 0.5736111111111111 0.7947916666666667 0.04537037037037037 0.009375
2 0.500925925925926 0.6236979166666666 0.05555555555555555 0.008854166666666666
2 0.637962962962963 0.48020833333333335 0.03333333333333333 0.008333333333333333
3 0.5171296296296296 0.44479166666666664 0.04722222222222222 0.009375
2 0.3675925925925926 0.35234375 0.05740740740740741 0.0140625
3 0.04814814814814816 0.8536458333333333 0.08148148148148149 0.026041666666666668
2 0.4273148148148148 0.3294270833333333 0.05462962962962963 0.019270833333333334
2 0.4097222222222222 0.7432291666666667 0.05462962962962963 0.015625
2 0.36944444444444446 0.8036458333333333 0.06111111111111111 0.023958333333333335
1 0.6544814814814814 0.26780208333333333 0.03924074074074074 0.009703125
0 0.3734722222222222 0.16417708333333333 0.009564814814814814 0.008994791666666667
2 0.3918611111111111 0.150546875 0.05462962962962963 0.014458333333333333
2 0.3969351851851852 0.15764583333333335 0.03888888888888889 0.016151041666666668
2 0.39208333333333334 0.16916666666666666 0.04406481481481482 0.015208333333333332
3 0.7543981481481481 0.5153697916666666 0.023759259259259258 0.006135416666666667
