2 0.79765625 0.3944444444444445 0.011979166666666667 0.046296296296296294
2 0.6848958333333333 0.5361111111111111 0.014583333333333334 0.04259259259259259
2 0.6630052083333333 0.5874444444444444 0.008369791666666666 0.039703703703703706
2 0.709375 0.5259259259259259 0.009375 0.044444444444444446
2 0.5552083333333333 0.5546296296296296 0.008333333333333333 0.04259259259259259
0 0.5822916666666667 0.32453703703703707 0.00625 0.012037037037037037
2 0.22447916666666667 0.5444444444444445 0.0125 0.05740740740740741
2 0.5114583333333333 0.5833333333333333 0.011458333333333333 0.044444444444444446
2 0.8020833333333334 0.3560185185185185 0.017708333333333333 0.058333333333333334
2 0.7880208333333334 0.49444444444444446 0.013541666666666667 0.046296296296296294
2 0.31015625 0.412962962962963 0.009895833333333333 0.05740740740740741
2 0.42890625000000004 0.5027777777777778 0.0140625 0.053703703703703705
3 0.202796875 0.0775555555555556 0.028177083333333335 0.07637037037037038
3 0.5838541666666667 0.5050925925925926 0.010416666666666666 0.049074074074074076
2 0.7802083333333334 0.3476851851851852 0.016666666666666666 0.06018518518518518
2 0.22083333333333333 0.28194444444444444 0.01875 0.06574074074074074
2 0.6268229166666667 0.37731481481481477 0.0171875 0.05277777777777778
2 0.3955729166666667 0.6597222222222222 0.009895833333333333 0.03796296296296296
2 0.6075520833333333 0.35277777777777775 0.024479166666666666 0.06111111111111111
2 0.8101145833333333 0.4030648148148147 0.014109375 0.04678703703703704
1 0.7488854166666667 0.6513425925925926 0.012723958333333334 0.03659259259259259
2 0.552734375 0.6546759259259259 0.0094375 0.035777777777777776
2 0.6604791666666667 0.5988518518518519 0.010947916666666667 0.035638888888888894
3 0.5096562499999999 0.7526666666666666 0.008692708333333334 0.024981481481481483
