2 0.73359375 0.7652777777777777 0.009895833333333333 0.049074074074074076
2 0.6442708333333333 0.7912037037037037 0.0125 0.04722222222222222
2 0.7315104166666666 0.6671296296296296 0.0140625 0.05462962962962963
2 0.8765625 0.6282407407407408 0.014583333333333334 0.05462962962962963
2 0.6572916666666666 0.6893518518518518 0.010416666666666666 0.058333333333333334
2 0.8744791666666667 0.5791666666666666 0.015625 0.07314814814814814
2 0.36250000000000004 0.75 0.009375 0.05185185185185185
2 0.5955729166666667 0.7125 0.009895833333333333 0.05277777777777778
1 0.12734374999999998 0.6782407407407407 0.013020833333333334 0.058333333333333334
2 0.5184895833333334 0.6509259259259259 0.013020833333333334 0.06481481481481481
2 0.4903645833333333 0.7222222222222222 0.0109375 0.053703703703703705
2 0.5515625 0.6416666666666666 0.0125 0.05925925925925926
2 0.33567708333333335 0.6439814814814815 0.018229166666666668 0.06018518518518518
2 0.8325520833333333 0.6828703703703703 0.0171875 0.05648148148148148
3 0.7239583333333333 0.6208333333333333 0.014583333333333334 0.0712962962962963
2 0.86171875 0.5375 0.016145833333333335 0.0787037037037037
2 0.5364583333333333 0.5388888888888889 0.019791666666666666 0.07407407407407407
2 0.6856770833333333 0.6106481481481482 0.018229166666666668 0.06574074074074074
2 0.17369791666666667 0.5319444444444444 0.0171875 0.075
2 0.82109375 0.5092592592592593 0.019270833333333334 0.07222222222222222
2 0.8416666666666667 0.4023148148148148 0.029166666666666667 0.09166666666666666
2 0.5104166666666667 0.24861111111111112 0.027083333333333334 0.10277777777777777
3 0.8047135416666666 0.796138888888889 0.012213541666666666 0.04998148148148148
0 0.33853125000000006 0.6324444444444445 0.005984375 0.011111111111111112
