2 0.35035416666666674 0.6997314814814815 0.012171875 0.04206481481481481
3 0.633953125 0.7393055555555555 0.010635416666666668 0.036166666666666666
2 0.3208333333333333 0.7185185185185186 0.0125 0.03518518518518519
2 0.4302083333333333 0.7050925925925926 0.013541666666666667 0.03425925925925926
3 0.40155729166666665 0.6506111111111111 0.01371875 0.045064814814814814
2 0.3533854166666667 0.6638888888888889 0.009895833333333333 0.040740740740740744
2 0.39694791666666673 0.7043240740740742 0.011463541666666667 0.04212037037037037
2 0.21197916666666672 0.6217592592592592 0.010416666666666666 0.04722222222222222
2 0.5473958333333333 0.6560185185185186 0.010416666666666666 0.041666666666666664
2 0.25859374999999996 0.6546296296296297 0.013020833333333334 0.046296296296296294
1 0.9018072916666666 0.6372037037037037 0.010911458333333334 0.04781481481481482
2 0.5395833333333333 0.6731481481481482 0.009375 0.03888888888888889
2 0.4321197916666667 0.5692685185185185 0.017796875 0.05277777777777778
2 0.6552083333333334 0.7018518518518518 0.0125 0.04259259259259259
2 0.2755208333333333 0.6472222222222221 0.011458333333333333 0.05
2 0.15989583333333335 0.6050925925925925 0.013541666666666667 0.04537037037037037
2 0.26979166666666665 0.5736111111111111 0.009375 0.04722222222222222
2 0.6700520833333333 0.6791666666666667 0.008854166666666666 0.041666666666666664
2 0.20160937499999998 0.35178703703703695 0.017552083333333336 0.07032407407407408
2 0.7192708333333333 0.5972222222222222 0.009375 0.05
2 0.1947916666666667 0.5407407407407407 0.011458333333333333 0.05925925925925926
2 0.19036458333333328 0.4305555555555556 0.016145833333333335 0.06111111111111111
2 0.5635416666666666 0.4527777777777777 0.014583333333333334 0.06481481481481481
0 0.7613958333333333 0.6562129629629629 0.006213541666666667 0.010092592592592592
