0 0.44953703703703707 0.725 0.012037037037037037 0.0125
2 0.7351851851851852 0.1296875 0.046296296296296294 0.013541666666666667
2 0.7796296296296297 0.3190104166666667 0.05185185185185185 0.0171875
3 0.7907407407407407 0.09609375 0.046296296296296294 0.0140625
2 0.7847222222222222 0.5098958333333333 0.04537037037037037 0.011458333333333333
2 0.7652777777777777 0.47161458333333334 0.04722222222222222 0.009895833333333333
2 0.7310185185185185 0.5809895833333333 0.05648148148148148 0.015104166666666667
3 0.6856481481481482 0.46822916666666664 0.05462962962962963 0.0125
2 0.4625 0.6059895833333333 0.06759259259259259 0.018229166666666668
2 0.6601851851851852 0.47682291666666665 0.06111111111111111 0.015104166666666667
2 0.637962962962963 0.6984375 0.06666666666666667 0.013541666666666667
2 0.6314814814814815 0.28020833333333334 0.06296296296296296 0.015625
2 0.6925925925925926 0.20520833333333333 0.06111111111111111 0.015625
2 0.6833333333333333 0.325 0.06296296296296296 0.016666666666666666
2 0.6041666666666667 0.07708333333333334 0.06574074074074074 0.0125
2 0.5708333333333333 0.5645833333333333 0.06944444444444445 0.020833333333333332
2 0.4018518518518519 0.22630208333333332 0.08703703703703704 0.018229166666666668
2 0.6351851851851852 0.39505208333333336 0.06111111111111111 0.016145833333333335
2 0.6041666666666667 0.6791666666666667 0.0712962962962963 0.015625
2 0.4277777777777778 0.7877604166666666 0.07592592592592592 0.0203125
2 0.5273148148148148 0.2981770833333333 0.07685185185185185 0.0171875
2 0.587962962962963 0.7403645833333333 0.07222222222222222 0.0203125
2 0.4037037037037037 0.81875 0.07037037037037037 0.035416666666666666
