0 0.4520833333333333 0.5337962962962963 0.005208333333333333 0.012037037037037037
3 0.6369791666666667 0.7865185185185185 0.014583333333333334 0.03808333333333334
2 0.5822916666666667 0.7518518518518519 0.014583333333333334 0.03333333333333333
2 0.3192604166666667 0.674537037037037 0.018776041666666667 0.05092592592592592
2 0.25416666666666665 0.6583333333333333 0.013541666666666667 0.05555555555555555
2 0.4432291666666667 0.5555555555555556 0.01875 0.05740740740740741
2 0.22682291666666665 0.5629629629629629 0.0171875 0.06481481481481481
2 0.3205989583333333 0.5472222222222223 0.02234375 0.06111111111111111
2 0.5192708333333333 0.6587962962962963 0.011458333333333333 0.05277777777777778
3 0.6752604166666667 0.587962962962963 0.0140625 0.05740740740740741
2 0.62421875 0.7037037037037037 0.0109375 0.04814814814814815
2 0.61953125 0.6055555555555556 0.015104166666666667 0.05555555555555555
3 0.03489583333333335 0.20324074074074072 0.027083333333333334 0.09351851851851851
2 0.43125 0.4819444444444444 0.013541666666666667 0.06388888888888888
2 0.7640625 0.6013888888888889 0.014583333333333334 0.06018518518518518
2 0.8875 0.4462962962962963 0.016666666666666666 0.06851851851851852
2 0.5572916666666667 0.2680555555555556 0.019791666666666666 0.0824074074074074
2 0.3458333333333333 0.38009259259259254 0.017708333333333333 0.0787037037037037
2 0.6440104166666667 0.5166666666666666 0.0140625 0.06666666666666667
2 0.7776041666666667 0.5449074074074074 0.01875 0.06574074074074074
2 0.12395833333333328 0.46990740740740744 0.026041666666666668 0.075
2 0.7442708333333333 0.5157407407407407 0.01875 0.06666666666666667
2 0.69140625 0.3578703703703704 0.0171875 0.07314814814814814
2 0.8403645833333333 0.43333333333333335 0.015104166666666667 0.07592592592592592
