3 0.7912037037037037 0.33359375 0.03611111111111111 0.009895833333333333
2 0.7828703703703703 0.5614583333333333 0.03981481481481482 0.015625
3 0.6902777777777778 0.58984375 0.05648148148148148 0.009895833333333333
2 0.7324074074074074 0.6916666666666667 0.04259259259259259 0.009375
2 0.7115740740740741 0.6729166666666667 0.05092592592592592 0.009375
2 0.6962962962962963 0.52734375 0.04814814814814815 0.009895833333333333
2 0.5638888888888889 0.4625 0.06851851851851852 0.017708333333333333
2 0.7078703703703704 0.39427083333333335 0.049074074074074076 0.016666666666666666
2 0.6356481481481482 0.5895833333333333 0.058333333333333334 0.011458333333333333
2 0.649537037037037 0.759375 0.058333333333333334 0.014583333333333334
2 0.6439814814814815 0.48359375 0.058333333333333334 0.011979166666666667
2 0.5037037037037038 0.4544270833333333 0.07592592592592592 0.015104166666666667
2 0.612037037037037 0.4356770833333333 0.06481481481481481 0.013020833333333334
2 0.6856481481481482 0.72734375 0.05462962962962963 0.011979166666666667
2 0.3643518518518518 0.8486979166666667 0.07685185185185185 0.0171875
2 0.39675925925925926 0.8328125 0.07314814814814814 0.015625
2 0.33611111111111114 0.49765625 0.07777777777777778 0.018229166666666668
2 0.5384259259259259 0.8463541666666666 0.0712962962962963 0.015625
2 0.6023148148148147 0.290625 0.062037037037037036 0.014583333333333334
2 0.36157407407407405 0.46640625 0.08796296296296297 0.015104166666666667
2 0.5421296296296296 0.6479166666666667 0.06388888888888888 0.015625
2 0.6337962962962963 0.7848958333333333 0.062037037037037036 0.0125
0 0.6871944444444444 0.40828125 0.013842592592592592 0.0057708333333333335
