3 0.7609444444444444 0.21740625 0.040629629629629634 0.010739583333333334
3 0.5803981481481482 0.6372291666666666 0.04936111111111111 0.014255208333333333
2 0.6667685185185186 0.71140625 0.050861111111111114 0.013838541666666667
2 0.5537037037037037 0.31484375 0.05555555555555555 0.0171875
2 0.6509259259259259 0.7145833333333333 0.04814814814814815 0.017708333333333333
0 0.40555555555555556 0.5640625 0.011111111111111112 0.007291666666666667
2 0.7520925925925925 0.536953125 0.03896296296296296 0.011244791666666667
2 0.4356481481481481 0.6158854166666666 0.06944444444444445 0.030729166666666665
2 0.575 0.41875 0.06111111111111111 0.017708333333333333
2 0.5606666666666666 0.6440625 0.058333333333333334 0.017708333333333333
2 0.6296296296296297 0.78125 0.05555555555555555 0.009375
2 0.5583333333333333 0.24401041666666667 0.05555555555555555 0.016145833333333335
2 0.6759259259259259 0.55 0.05 0.0125
2 0.21203703703703702 0.3880208333333333 0.08518518518518518 0.023958333333333335
2 0.4300925925925926 0.16640625 0.0712962962962963 0.0203125
2 0.5486111111111112 0.8765625 0.062037037037037036 0.0125
2 0.6851851851851851 0.3614583333333333 0.046296296296296294 0.014583333333333334
2 0.29814814814814816 0.23541666666666666 0.07777777777777778 0.019791666666666666
2 0.35185185185185186 0.15520833333333334 0.07962962962962963 0.015625
2 0.5361111111111111 0.43411458333333336 0.05555555555555555 0.0234375
2 0.48564814814814816 0.3893229166666667 0.06388888888888888 0.0203125
2 0.4273148148148148 0.6026041666666667 0.0712962962962963 0.029166666666666667
2 0.3833333333333333 0.23723958333333334 0.07592592592592592 0.025520833333333333
