2 0.26296296296296295 0.34348958333333335 0.037037037037037035 0.009895833333333333
3 0.24974074074074076 0.6835312499999999 0.04094444444444444 0.011838541666666667
2 0.4050925925925926 0.24843749999999998 0.041666666666666664 0.0125
1 0.3819444444444444 0.98203125 0.04722222222222222 0.0109375
2 0.32916666666666666 0.4393229166666667 0.04537037037037037 0.008854166666666666
2 0.30416666666666664 0.3192708333333333 0.03981481481481482 0.009375
2 0.337037037037037 0.6552083333333334 0.04259259259259259 0.016666666666666666
2 0.34814814814814815 0.40625 0.05185185185185185 0.008333333333333333
2 0.3736111111111111 0.28255208333333337 0.05092592592592592 0.011979166666666667
2 0.2810185185185185 0.5778645833333333 0.03611111111111111 0.0140625
2 0.3787037037037037 0.2924479166666667 0.05 0.0140625
2 0.44074074074074077 0.24869791666666663 0.05 0.013020833333333334
3 0.3731481481481482 0.5390625 0.04814814814814815 0.013541666666666667
2 0.37175925925925923 0.5239583333333333 0.04351851851851852 0.010416666666666666
2 0.3837962962962963 0.39869791666666665 0.04537037037037037 0.0109375
2 0.475 0.25911458333333337 0.06296296296296296 0.015104166666666667
2 0.6671296296296296 0.49088541666666663 0.08055555555555556 0.0140625
3 0.7820462962962963 0.07008333333333328 0.09328703703703704 0.024546875000000003
2 0.4675925925925926 0.40364583333333337 0.05555555555555555 0.011458333333333333
2 0.7444444444444445 0.16666666666666663 0.07962962962962963 0.01875
2 0.6092592592592593 0.1947916666666667 0.06481481481481481 0.021875
2 0.43287037037037035 0.7528645833333334 0.05648148148148148 0.018229166666666668
2 0.5282407407407408 0.4364583333333333 0.06388888888888888 0.01875
2 0.4203703703703704 0.6416666666666666 0.053703703703703705 0.020833333333333332
0 0.3516944444444444 0.6453854166666666 0.009064814814814814 0.004864583333333334
