2 0.6997314814814815 0.6496458333333333 0.04206481481481481 0.012171875
3 0.7393055555555555 0.366046875 0.036166666666666666 0.010635416666666668
2 0.7185185185185186 0.6791666666666667 0.03518518518518519 0.0125
2 0.7050925925925926 0.5697916666666667 0.03425925925925926 0.013541666666666667
3 0.6506111111111111 0.5984427083333334 0.045064814814814814 0.01371875
2 0.6638888888888889 0.6466145833333333 0.040740740740740744 0.009895833333333333
2 0.7043240740740742 0.6030520833333333 0.04212037037037037 0.011463541666666667
2 0.6217592592592592 0.7880208333333333 0.04722222222222222 0.010416666666666666
2 0.6560185185185186 0.45260416666666664 0.041666666666666664 0.010416666666666666
2 0.6546296296296297 0.74140625 0.046296296296296294 0.013020833333333334
1 0.6372037037037037 0.09819270833333334 0.04781481481481482 0.010911458333333334
2 0.6731481481481482 0.46041666666666664 0.03888888888888889 0.009375
2 0.5692685185185185 0.5678802083333333 0.05277777777777778 0.017796875
2 0.7018518518518518 0.34479166666666666 0.04259259259259259 0.0125
2 0.6472222222222221 0.7244791666666667 0.05 0.011458333333333333
2 0.6050925925925925 0.8401041666666667 0.04537037037037037 0.013541666666666667
2 0.5736111111111111 0.7302083333333333 0.04722222222222222 0.009375
2 0.6791666666666667 0.3299479166666667 0.041666666666666664 0.008854166666666666
2 0.35178703703703695 0.798390625 0.07032407407407408 0.017552083333333336
2 0.5972222222222222 0.28072916666666664 0.05 0.009375
2 0.5407407407407407 0.8052083333333333 0.05925925925925926 0.011458333333333333
2 0.4305555555555556 0.8096354166666667 0.06111111111111111 0.016145833333333335
2 0.4527777777777777 0.43645833333333334 0.06481481481481481 0.014583333333333334
0 0.6562129629629629 0.23860416666666667 0.010092592592592592 0.006213541666666667
