2 0.737037037037037 0.6565104166666667 0.037037037037037035 0.009895833333333333
3 0.7502592592592592 0.31646875 0.04094444444444444 0.011838541666666667
2 0.5949074074074074 0.7515625 0.041666666666666664 0.0125
1 0.6180555555555556 0.01796875 0.04722222222222222 0.0109375
2 0.6708333333333334 0.5606770833333333 0.04537037037037037 0.008854166666666666
2 0.6958333333333333 0.6807291666666667 0.03981481481481482 0.009375
2 0.662962962962963 0.34479166666666666 0.04259259259259259 0.016666666666666666
2 0.6518518518518519 0.59375 0.05185185185185185 0.008333333333333333
2 0.6263888888888889 0.7174479166666666 0.05092592592592592 0.011979166666666667
2 0.7189814814814814 0.42213541666666665 0.03611111111111111 0.0140625
2 0.6212962962962962 0.7075520833333333 0.05 0.0140625
2 0.5592592592592592 0.7513020833333334 0.05 0.013020833333333334
3 0.6268518518518518 0.4609375 0.04814814814814815 0.013541666666666667
2 0.6282407407407408 0.47604166666666664 0.04351851851851852 0.010416666666666666
2 0.6162037037037037 0.6013020833333333 0.04537037037037037 0.0109375
2 0.525 0.7408854166666666 0.06296296296296296 0.015104166666666667
2 0.33287037037037037 0.5091145833333334 0.08055555555555556 0.0140625
3 0.2179537037037037 0.9299166666666667 0.09328703703703704 0.024546875000000003
2 0.5324074074074074 0.5963541666666666 0.05555555555555555 0.011458333333333333
2 0.25555555555555554 0.8333333333333334 0.07962962962962963 0.01875
2 0.3907407407407407 0.8052083333333333 0.06481481481481481 0.021875
2 0.5671296296296297 0.24713541666666666 0.05648148148148148 0.018229166666666668
2 0.4717592592592592 0.5635416666666667 0.06388888888888888 0.01875
2 0.5796296296296296 0.35833333333333334 0.053703703703703705 0.020833333333333332
0 0.6483055555555556 0.35461458333333334 0.009064814814814814 0.004864583333333334
