0 0.46620370370370373 0.4520833333333333 0.012037037037037037 0.005208333333333333
3 0.2134814814814815 0.6369791666666667 0.03808333333333334 0.014583333333333334
2 0.24814814814814815 0.5822916666666667 0.03333333333333333 0.014583333333333334
2 0.32546296296296295 0.3192604166666667 0.05092592592592592 0.018776041666666667
2 0.3416666666666667 0.25416666666666665 0.05555555555555555 0.013541666666666667
2 0.4444444444444444 0.4432291666666667 0.05740740740740741 0.01875
2 0.43703703703703706 0.22682291666666665 0.06481481481481481 0.0171875
2 0.4527777777777778 0.3205989583333333 0.06111111111111111 0.02234375
2 0.34120370370370373 0.5192708333333333 0.05277777777777778 0.011458333333333333
3 0.41203703703703703 0.6752604166666667 0.05740740740740741 0.0140625
2 0.2962962962962963 0.62421875 0.04814814814814815 0.0109375
2 0.39444444444444443 0.61953125 0.05555555555555555 0.015104166666666667
3 0.7967592592592593 0.03489583333333335 0.09351851851851851 0.027083333333333334
2 0.5180555555555556 0.43125 0.06388888888888888 0.013541666666666667
2 0.39861111111111114 0.7640625 0.06018518518518518 0.014583333333333334
2 0.5537037037037037 0.8875 0.06851851851851852 0.016666666666666666
2 0.7319444444444444 0.5572916666666667 0.0824074074074074 0.019791666666666666
2 0.6199074074074075 0.3458333333333333 0.0787037037037037 0.017708333333333333
2 0.48333333333333334 0.6440104166666667 0.06666666666666667 0.0140625
2 0.4550925925925926 0.7776041666666667 0.06574074074074074 0.01875
2 0.5300925925925926 0.12395833333333328 0.075 0.026041666666666668
2 0.4842592592592593 0.7442708333333333 0.06666666666666667 0.01875
2 0.6421296296296296 0.69140625 0.07314814814814814 0.0171875
2 0.5666666666666667 0.8403645833333333 0.07592592592592592 0.015104166666666667
