0 0.5407407407407407 0.8807291666666667 0.011111111111111112 0.00625
2 0.6719814814814815 0.7012083333333333 0.04767592592592593 0.015213541666666667
2 0.5851018518518518 0.8322864583333334 0.05200925925925926 0.02084375
3 0.6429259259259259 0.5997135416666667 0.05489814814814815 0.016197916666666666
2 0.6522685185185185 0.712734375 0.05268518518518518 0.017135416666666667
2 0.6800925925925926 0.6786458333333333 0.05092592592592592 0.0125
1 0.6388888888888888 0.8721354166666667 0.05 0.0265625
2 0.6416666666666666 0.6286458333333333 0.05185185185185185 0.015625
2 0.5541666666666667 0.8575520833333333 0.05462962962962963 0.0171875
2 0.6634259259259259 0.7442708333333333 0.05462962962962963 0.014583333333333334
2 0.5967592592592592 0.6763020833333333 0.05462962962962963 0.0140625
2 0.6050925925925925 0.7278645833333334 0.058333333333333334 0.013020833333333334
2 0.6333333333333333 0.8078125 0.05925925925925926 0.011458333333333333
2 0.7115740740740741 0.3802083333333333 0.049074074074074076 0.0125
2 0.6046296296296296 0.5580729166666667 0.05925925925925926 0.0140625
2 0.5805555555555555 0.09401041666666667 0.06296296296296296 0.013020833333333334
2 0.6467592592592593 0.07708333333333334 0.05648148148148148 0.0125
2 0.6944444444444444 0.1734375 0.05 0.015625
2 0.5180555555555555 0.3203125 0.0712962962962963 0.020833333333333332
2 0.6666666666666667 0.13958333333333334 0.05185185185185185 0.013541666666666667
2 0.5907407407407408 0.11041666666666666 0.06296296296296296 0.017708333333333333
2 0.6868518518518518 0.6981927083333334 0.04359259259259259 0.014624999999999999
2 0.6686944444444445 0.7194947916666667 0.045398148148148146 0.01827604166666667
