0 0.8005208333333333 0.563425925925926 0.00625 0.010185185185185186
2 0.3313541666666667 0.7222222222222222 0.010630208333333334 0.03888888888888889
2 0.30729166666666663 0.6981481481481482 0.009375 0.037037037037037035
2 0.37369791666666663 0.6898148148148149 0.008854166666666666 0.040740740740740744
2 0.29557291666666663 0.6907407407407408 0.008854166666666666 0.040740740740740744
3 0.4989583333333333 0.6361111111111111 0.009375 0.04814814814814815
2 0.50625 0.6148148148148148 0.008333333333333333 0.05
3 0.6518229166666667 0.750462962962963 0.0067708333333333336 0.03425925925925926
2 0.2635416666666667 0.637962962962963 0.011458333333333333 0.05
2 0.19453125000000004 0.5685185185185185 0.0140625 0.05185185185185185
1 0.8697916666666666 0.6287037037037038 0.013541666666666667 0.044444444444444446
2 0.3510416666666667 0.6217592592592592 0.011458333333333333 0.05092592592592592
2 0.6114583333333333 0.7078703703703704 0.009375 0.03981481481481482
2 0.3026041666666667 0.5263888888888889 0.011458333333333333 0.05462962962962963
2 0.2739583333333333 0.6314814814814815 0.0125 0.05
2 0.22421875000000002 0.5907407407407408 0.0109375 0.05740740740740741
2 0.18854166666666672 0.288425925925926 0.01875 0.07685185185185185
2 0.4799479166666667 0.5194444444444444 0.015104166666666667 0.05740740740740741
2 0.5783854166666667 0.6523148148148148 0.0140625 0.04722222222222222
2 0.7864583333333334 0.5699074074074074 0.016666666666666666 0.05462962962962963
2 0.2421875 0.5 0.017708333333333333 0.06481481481481481
2 0.16796875 0.37268518518518523 0.013020833333333334 0.06944444444444445
3 0.08184895833333339 0.19067592592592586 0.031411458333333336 0.09458333333333334
2 0.5279010416666667 0.36895370370370373 0.017265625 0.07875925925925926
2 0.6286458333333333 0.6263888888888889 0.011458333333333333 0.049074074074074076
