3 0.274537037037037 0.7049479166666667 0.028703703703703703 0.008854166666666666
0 0.6703703703703704 0.5302083333333334 0.011111111111111112 0.00625
2 0.627824074074074 0.5661354166666667 0.055462962962962964 0.028244791666666665
2 0.6550925925925926 0.8377604166666667 0.0712962962962963 0.022395833333333334
2 0.38333333333333336 0.390625 0.04814814814814815 0.009375
2 0.3888888888888889 0.5098958333333333 0.04814814814814815 0.010416666666666666
2 0.6185185185185185 0.70078125 0.06851851851851852 0.013020833333333334
2 0.6768518518518518 0.6265625 0.06111111111111111 0.015625
2 0.3773148148148148 0.3471354166666667 0.04722222222222222 0.0140625
2 0.49212962962962964 0.7518229166666667 0.05648148148148148 0.0109375
3 0.4759259259259259 0.6732239583333334 0.05740740740740741 0.013020833333333334
2 0.6671296296296296 0.6419270833333333 0.075 0.021354166666666667
2 0.3763888888888889 0.6830729166666667 0.04722222222222222 0.015104166666666667
3 0.7412037037037037 0.030468750000000044 0.0787037037037037 0.022395833333333334
2 0.538425925925926 0.3572916666666667 0.05648148148148148 0.016666666666666666
2 0.6074074074074074 0.79296875 0.07037037037037037 0.018229166666666668
2 0.6310185185185185 0.6817708333333333 0.06574074074074074 0.022916666666666665
2 0.6592592592592592 0.7119791666666666 0.06296296296296296 0.015625
2 0.48148148148148145 0.4638020833333333 0.053703703703703705 0.013020833333333334
2 0.4166666666666667 0.28125 0.053703703703703705 0.014583333333333334
2 0.600462962962963 0.11510416666666667 0.07314814814814814 0.014583333333333334
2 0.5231481481481481 0.6203125 0.06296296296296296 0.014583333333333334
2 0.625 0.45833333333333337 0.06296296296296296 0.016666666666666666
2 0.2913055555555556 0.5508854166666667 0.041435185185185186 0.009598958333333333
