3 0.6419270833333333 0.5467592592592593 0.0171875 0.049074074074074076
2 0.61015625 0.7074074074074075 0.011979166666666667 0.03148148148148148
2 0.7380208333333333 0.6347222222222222 0.0125 0.04722222222222222
2 0.63515625 0.49490740740740746 0.0109375 0.05648148148148148
1 0.04791666666666672 0.594712962962963 0.01875 0.049074074074074076
2 0.578125 0.6013888888888889 0.010416666666666666 0.04722222222222222
2 0.39375000000000004 0.6226851851851851 0.013541666666666667 0.04351851851851852
2 0.3794270833333333 0.29814814814814816 0.018229166666666668 0.07407407407407407
2 0.43046874999999996 0.612037037037037 0.0140625 0.05
2 0.45729166666666665 0.29814814814814816 0.020833333333333332 0.07222222222222222
2 0.5994791666666667 0.39861111111111114 0.017708333333333333 0.06574074074074074
2 0.29166666666666663 0.5390833333333334 0.017546875 0.05887037037037037
3 0.11134895833333336 0.289861111111111 0.02373958333333333 0.0813888888888889
2 0.7591145833333334 0.5277777777777778 0.0140625 0.05555555555555555
2 0.3572916666666667 0.29212962962962963 0.03229166666666667 0.062037037037037036
2 0.615390625 0.2939907407407407 0.022338541666666666 0.06943518518518518
2 0.21744791666666663 0.4027777777777778 0.0203125 0.05925925925925926
2 0.3182291666666667 0.44999999999999996 0.013541666666666667 0.06111111111111111
2 0.5385416666666667 0.38703703703703707 0.020833333333333332 0.06851851851851852
2 0.7606770833333334 0.3925925925925926 0.0203125 0.07037037037037037
2 0.7263020833333333 0.39583333333333337 0.019270833333333334 0.06759259259259259
2 0.790625 0.36111111111111116 0.017708333333333333 0.06851851851851852
2 0.41718750000000004 0.4814814814814815 0.013541666666666667 0.05555555555555555
0 0.38093229166666676 0.27825 0.0069635416666666665 0.01400925925925926
3 0.7332447916666667 0.7345277777777778 0.007713541666666667 0.03579629629629629
