3 0.25050925925925926 0.8327239583333333 0.04175925925925926 0.013229166666666665
0 0.5569444444444445 0.22890624999999998 0.010185185185185186 0.0067708333333333336
2 0.3244722222222222 0.2647291666666667 0.04901851851851852 0.011375
2 0.36203703703703705 0.20442708333333337 0.05185185185185185 0.0140625
2 0.36898148148148147 0.46620312499999994 0.05092592592592592 0.018635416666666668
2 0.25415740740740744 0.4903177083333333 0.03609259259259259 0.012864583333333334
2 0.4041666666666667 0.1723958333333333 0.06388888888888888 0.021875
2 0.30416666666666664 0.44401041666666663 0.04537037037037037 0.0109375
2 0.3814814814814815 0.7919270833333334 0.053703703703703705 0.011979166666666667
2 0.7277777777777777 0.431203125 0.07407407407407407 0.029260416666666667
2 0.3675925925925926 0.6744791666666667 0.05185185185185185 0.013541666666666667
3 0.40641666666666665 0.2092291666666667 0.05542592592592593 0.021130208333333334
1 0.3819444444444444 0.10546875 0.05648148148148148 0.016145833333333335
2 0.3023148148148148 0.5934895833333333 0.04537037037037037 0.0140625
2 0.4417407407407407 0.26249999999999996 0.05170370370370371 0.016671875
2 0.5324074074074074 0.2025625000000001 0.06481481481481481 0.019869791666666668
2 0.40324074074074073 0.32734375000000004 0.05092592592592592 0.013020833333333334
2 0.5282407407407408 0.82109375 0.06574074074074074 0.016145833333333335
2 0.5541666666666667 0.79140625 0.0712962962962963 0.024479166666666666
2 0.6435185185185185 0.5791666666666666 0.07037037037037037 0.020833333333333332
2 0.6037037037037037 0.74921875 0.07592592592592592 0.022395833333333334
2 0.49444444444444446 0.4609375 0.06296296296296296 0.025
2 0.4828703703703704 0.5546875 0.06759259259259259 0.011458333333333333
2 0.34491666666666665 0.26527604166666663 0.048157407407407406 0.015427083333333334
