0 0.5504629629629629 0.275 0.012037037037037037 0.0125
2 0.26481481481481484 0.8703125 0.046296296296296294 0.013541666666666667
2 0.22037037037037038 0.6809895833333333 0.05185185185185185 0.0171875
3 0.20925925925925926 0.90390625 0.046296296296296294 0.0140625
2 0.2152777777777778 0.4901041666666667 0.04537037037037037 0.011458333333333333
2 0.23472222222222222 0.5283854166666666 0.04722222222222222 0.009895833333333333
2 0.2689814814814815 0.4190104166666667 0.05648148148148148 0.015104166666666667
3 0.3143518518518518 0.5317708333333333 0.05462962962962963 0.0125
2 0.5375 0.3940104166666667 0.06759259259259259 0.018229166666666668
2 0.3398148148148148 0.5231770833333333 0.06111111111111111 0.015104166666666667
2 0.36203703703703705 0.30156249999999996 0.06666666666666667 0.013541666666666667
2 0.3685185185185185 0.7197916666666666 0.06296296296296296 0.015625
2 0.3074074074074074 0.7947916666666667 0.06111111111111111 0.015625
2 0.31666666666666665 0.675 0.06296296296296296 0.016666666666666666
2 0.3958333333333333 0.9229166666666666 0.06574074074074074 0.0125
2 0.42916666666666664 0.4354166666666667 0.06944444444444445 0.020833333333333332
2 0.5981481481481481 0.7736979166666667 0.08703703703703704 0.018229166666666668
2 0.3648148148148148 0.6049479166666667 0.06111111111111111 0.016145833333333335
2 0.3958333333333333 0.3208333333333333 0.0712962962962963 0.015625
2 0.5722222222222222 0.21223958333333337 0.07592592592592592 0.0203125
2 0.4726851851851852 0.7018229166666667 0.07685185185185185 0.0171875
2 0.41203703703703703 0.2596354166666667 0.07222222222222222 0.0203125
2 0.5962962962962963 0.18125000000000002 0.07037037037037037 0.035416666666666666
