2 0.7800925925925926 0.5330729166666667 0.030555555555555555 0.013020833333333334
3 0.7899537037037037 0.22543749999999999 0.04841666666666666 0.009208333333333334
2 0.7657407407407407 0.6747395833333333 0.05185185185185185 0.019270833333333334
2 0.7689814814814815 0.66015625 0.04722222222222222 0.015104166666666667
2 0.7319444444444445 0.48489583333333336 0.05462962962962963 0.0125
3 0.6948518518518518 0.546875 0.058333333333333334 0.017708333333333333
2 0.7291666666666667 0.24348958333333334 0.058333333333333334 0.0140625
2 0.6925925925925926 0.5736979166666667 0.05555555555555555 0.015104166666666667
2 0.38055555555555554 0.35625 0.09074074074074075 0.017708333333333333
2 0.6976851851851852 0.37864583333333335 0.062037037037037036 0.013541666666666667
2 0.6185185185185185 0.1953125 0.06851851851851852 0.016666666666666666
2 0.6319444444444444 0.34479166666666666 0.06759259259259259 0.013541666666666667
2 0.6101851851851852 0.44192708333333336 0.06666666666666667 0.016145833333333335
2 0.6388888888888888 0.7760416666666666 0.06851851851851852 0.016666666666666666
2 0.5125 0.3723958333333333 0.075 0.013541666666666667
2 0.6722222222222223 0.7921875 0.06851851851851852 0.013541666666666667
2 0.5949074074074074 0.6192708333333333 0.06944444444444445 0.019791666666666666
2 0.5736111111111111 0.8203125 0.0712962962962963 0.01875
2 0.31712962962962965 0.8723958333333334 0.08981481481481482 0.020833333333333332
2 0.350925925925926 0.5575520833333333 0.08333333333333333 0.0234375
2 0.4175925925925926 0.8901041666666667 0.08148148148148149 0.017708333333333333
0 0.7713240740740741 0.48726041666666664 0.010361111111111111 0.004619791666666666
2 0.7895092592592592 0.4867447916666666 0.04728703703703704 0.013729166666666666
