2 0.29353703703703704 0.38828125 0.031518518518518515 0.011000000000000001
2 0.350462962962963 0.7611979166666667 0.032407407407407406 0.011979166666666667
2 0.35 0.38411458333333337 0.03518518518518519 0.008854166666666666
1 0.35376851851851854 0.16979166666666667 0.04701851851851852 0.013541666666666667
2 0.3551574074074074 0.276765625 0.038092592592592595 0.011052083333333332
2 0.4847222222222222 0.08229166666666665 0.049074074074074076 0.0125
2 0.3162037037037037 0.4541666666666667 0.03425925925925926 0.011458333333333333
2 0.39351851851851855 0.36875 0.044444444444444446 0.017708333333333333
2 0.38657407407407407 0.7484375 0.03425925925925926 0.015625
2 0.43148148148148147 0.6239583333333334 0.046296296296296294 0.010416666666666666
2 0.3055555555555556 0.6328125 0.03333333333333333 0.008333333333333333
2 0.37962962962962965 0.6692708333333333 0.044444444444444446 0.011458333333333333
2 0.45740740740740743 0.8200520833333333 0.046296296296296294 0.0140625
3 0.4287037037037037 0.5627604166666667 0.05 0.009895833333333333
2 0.4041666666666667 0.41484374999999996 0.03981481481481482 0.013020833333333334
2 0.5120370370370371 0.22890624999999998 0.046296296296296294 0.015104166666666667
2 0.5166666666666667 0.721875 0.05555555555555555 0.017708333333333333
2 0.6287037037037037 0.7817708333333333 0.05925925925925926 0.020833333333333332
2 0.6523148148148148 0.63203125 0.06759259259259259 0.016145833333333335
2 0.5898148148148148 0.8658854166666666 0.06666666666666667 0.015104166666666667
2 0.687037037037037 0.24453124999999998 0.06851851851851852 0.025520833333333333
2 0.6027777777777777 0.8861979166666667 0.06666666666666667 0.021354166666666667
3 0.29444444444444445 0.847859375 0.031629629629629626 0.009177083333333334
