2 0.48703703703703705 0.6875 0.06666666666666667 0.027083333333333334
2 0.49212962962962964 0.6981770833333334 0.058333333333333334 0.024479166666666666
2 0.6101851851851852 0.10963541666666665 0.07777777777777778 0.018229166666666668
2 0.5486111111111112 0.5684895833333333 0.06759259259259259 0.018229166666666668
2 0.34814814814814815 0.3296875 0.046296296296296294 0.0125
2 0.4351851851851852 0.23124999999999996 0.05555555555555555 0.020833333333333332
2 0.5430555555555555 0.6502604166666667 0.058333333333333334 0.028645833333333332
2 0.5888888888888889 0.7411458333333334 0.06111111111111111 0.03229166666666667
2 0.6347222222222222 0.6236979166666667 0.06944444444444445 0.0171875
2 0.3675925925925926 0.6736979166666667 0.046296296296296294 0.021354166666666667
2 0.5731481481481482 0.37630208333333337 0.06666666666666667 0.0171875
2 0.5768518518518518 0.7151041666666667 0.05925925925925926 0.022916666666666665
2 0.6305555555555555 0.13463541666666667 0.07777777777777778 0.0140625
2 0.31527777777777777 0.634375 0.041666666666666664 0.021875
2 0.45740740740740743 0.15260416666666665 0.06296296296296296 0.013541666666666667
2 0.49953703703703706 0.23411458333333335 0.06759259259259259 0.0171875
2 0.46111111111111114 0.5588541666666667 0.05925925925925926 0.020833333333333332
3 0.40925925925925927 0.4966145833333333 0.04814814814814815 0.018229166666666668
2 0.5296296296296297 0.39583333333333337 0.06296296296296296 0.021875
2 0.562037037037037 0.4989583333333333 0.07037037037037037 0.021875
2 0.6754629629629629 0.22057291666666667 0.06759259259259259 0.025520833333333333
3 0.2113611111111111 0.592921875 0.030740740740740742 0.011588541666666667
0 0.60875 0.7446822916666667 0.013240740740740742 0.007572916666666666
