2 0.5156111111111111 0.6529583333333333 0.036787037037037035 0.01328125
3 0.9020555555555556 0.2349010416666667 0.06336111111111112 0.032296874999999996
1 0.5314814814814814 0.9453125 0.03518518518518519 0.010416666666666666
2 0.4583333333333333 0.5403645833333333 0.02962962962962963 0.0067708333333333336
2 0.5037037037037037 0.34791666666666665 0.037037037037037035 0.009375
2 0.6712962962962963 0.82265625 0.05 0.0171875
2 0.5740740740740741 0.5411458333333333 0.044444444444444446 0.0125
2 0.5689814814814815 0.33281249999999996 0.04351851851851852 0.008333333333333333
2 0.7069444444444445 0.4838541666666667 0.058333333333333334 0.010416666666666666
2 0.5837962962962963 0.7158854166666666 0.04537037037037037 0.0109375
3 0.5879629629629629 0.5018229166666667 0.046296296296296294 0.011979166666666667
2 0.6333333333333333 0.7033854166666667 0.05185185185185185 0.0140625
2 0.7407407407407407 0.4565104166666667 0.06111111111111111 0.013020833333333334
2 0.7722222222222223 0.6541666666666667 0.06111111111111111 0.015625
2 0.7 0.44062500000000004 0.053703703703703705 0.0125
2 0.6388888888888888 0.5479166666666666 0.05185185185185185 0.016666666666666666
2 0.6064814814814815 0.42578125 0.04814814814814815 0.013020833333333334
2 0.674074074074074 0.46484375 0.053703703703703705 0.015104166666666667
2 0.6805555555555556 0.2700520833333333 0.053703703703703705 0.0203125
2 0.7217592592592592 0.94765625 0.05092592592592592 0.013020833333333334
2 0.6333333333333333 0.6846354166666666 0.04814814814814815 0.016145833333333335
2 0.8384259259259259 0.5822916666666667 0.06388888888888888 0.020833333333333332
2 0.5378796296296297 0.6578958333333333 0.04814814814814815 0.0133125
3 0.39031481481481484 0.6163177083333333 0.0254537037037037 0.006953125
0 0.7029722222222222 0.26683854166666665 0.012861111111111111 0.0066927083333333335
