2 0.5185185185185185 0.6994791666666667 0.03888888888888889 0.008333333333333333
2 0.43472222222222223 0.49375 0.028703703703703703 0.007291666666666667
1 0.5069444444444444 0.18776041666666665 0.041666666666666664 0.009895833333333333
2 0.4675925925925926 0.6604166666666667 0.027777777777777776 0.00625
2 0.5212962962962963 0.5880208333333333 0.03888888888888889 0.008333333333333333
2 0.6694444444444444 0.2817708333333333 0.05 0.0125
2 0.5777777777777777 0.7361979166666667 0.04259259259259259 0.008854166666666666
2 0.524537037037037 0.4375 0.03611111111111111 0.008333333333333333
2 0.6194444444444445 0.4911458333333333 0.04814814814814815 0.009375
2 0.5768518518518518 0.5908854166666666 0.04259259259259259 0.008854166666666666
2 0.6763888888888889 0.53828125 0.049074074074074076 0.011979166666666667
2 0.6768518518518518 0.759375 0.05185185185185185 0.008333333333333333
3 0.5856481481481481 0.5640625 0.041666666666666664 0.009375
2 0.5074074074074074 0.67421875 0.037037037037037035 0.0078125
3 0.85 0.07682291666666663 0.06296296296296296 0.019270833333333334
2 0.5814814814814815 0.7127604166666667 0.046296296296296294 0.009895833333333333
2 0.524074074074074 0.4770833333333333 0.03333333333333333 0.013541666666666667
2 0.5953703703703703 0.24244791666666665 0.044444444444444446 0.008854166666666666
2 0.7273148148148149 0.4169270833333333 0.058333333333333334 0.018229166666666668
2 0.6162037037037037 0.6854166666666667 0.04722222222222222 0.010416666666666666
2 0.7643518518518518 0.72109375 0.05648148148148148 0.0171875
2 0.8138888888888889 0.87421875 0.05925925925925926 0.018229166666666668
2 0.8856481481481482 0.56875 0.06759259259259259 0.017708333333333333
0 0.6828981481481481 0.28693750000000007 0.009027777777777777 0.004666666666666667
3 0.4058333333333333 0.656765625 0.026805555555555555 0.007421875
