2 0.3587962962962963 0.3833333333333333 0.049074074074074076 0.010416666666666666
2 0.36342592592592593 0.3916666666666667 0.041666666666666664 0.008333333333333333
2 0.2816111111111111 0.46004687499999997 0.03360185185185185 0.011765625
3 0.8759259259259259 0.008854166666666718 0.09259259259259259 0.017708333333333333
2 0.37824074074074077 0.6377604166666666 0.04722222222222222 0.009895833333333333
2 0.2841388888888889 0.46985937499999997 0.03302777777777778 0.008463541666666666
2 0.30462962962962964 0.2895833333333333 0.040740740740740744 0.008333333333333333
2 0.2916666666666667 0.61640625 0.03518518518518519 0.008854166666666666
2 0.3365740740740741 0.2989583333333333 0.04537037037037037 0.008333333333333333
2 0.3881851851851852 0.4923854166666667 0.046740740740740735 0.019234375
2 0.2828703703703704 0.6072916666666667 0.03611111111111111 0.007291666666666667
2 0.3347222222222222 0.6356770833333334 0.04537037037037037 0.0109375
2 0.36064814814814816 0.33177083333333335 0.041666666666666664 0.008333333333333333
2 0.4083333333333333 0.17604166666666665 0.05 0.010416666666666666
2 0.34814814814814815 0.44062500000000004 0.044444444444444446 0.013541666666666667
2 0.375 0.5817708333333333 0.046296296296296294 0.011458333333333333
2 0.5106481481481482 0.6950520833333333 0.05648148148148148 0.015104166666666667
3 0.4101851851851852 0.5351510416666667 0.05 0.01303125
2 0.5170833333333333 0.2939791666666667 0.06936111111111111 0.014
2 0.6412037037037037 0.7174479166666667 0.0712962962962963 0.015104166666666667
2 0.49953703703703706 0.4731770833333333 0.058333333333333334 0.013020833333333334
0 0.2901944444444445 0.4591822916666667 0.008833333333333332 0.0044062500000000004
2 0.2816759259259259 0.3842083333333334 0.03503703703703704 0.0116875
1 0.35235185185185186 0.9455208333333334 0.04735185185185185 0.011250000000000001
3 0.22733333333333333 0.5721562499999999 0.027814814814814813 0.011000000000000001
