3 0.6890625 0.6850833333333333 0.007291666666666667 0.025925925925925925
0 0.06874999999999998 0.23888888888888893 0.010416666666666666 0.014814814814814815
2 0.44218749999999996 0.6333333333333333 0.007291666666666667 0.03333333333333333
2 0.6013020833333333 0.5949074074074074 0.008854166666666666 0.03611111111111111
2 0.4872395833333333 0.6328703703703704 0.0067708333333333336 0.030555555555555555
2 0.10729166666666667 0.21851851851851856 0.020833333333333332 0.04814814814814815
2 0.5119791666666667 0.5166666666666666 0.0125 0.044444444444444446
2 0.4755208333333333 0.5240740740740741 0.0125 0.04259259259259259
2 0.815625 0.3324074074074074 0.017708333333333333 0.05555555555555555
2 0.275 0.5416666666666667 0.016666666666666666 0.04259259259259259
2 0.578125 0.19444444444444442 0.013541666666666667 0.06296296296296296
3 0.48671875 0.4761388888888889 0.013020833333333334 0.04672222222222222
2 0.5828125 0.6402777777777777 0.007291666666666667 0.03611111111111111
2 0.6981770833333334 0.587037037037037 0.0109375 0.037037037037037035
3 0.0749322916666666 0.17495370370370378 0.032156250000000004 0.07416666666666666
2 0.29218750000000004 0.475 0.014583333333333334 0.044444444444444446
2 0.334375 0.5768518518518518 0.013541666666666667 0.04259259259259259
2 0.7294270833333334 0.5092592592592593 0.0140625 0.046296296296296294
2 0.7403645833333333 0.2592592592592593 0.013020833333333334 0.06111111111111111
2 0.6924479166666666 0.3912037037037037 0.016145833333333335 0.05277777777777778
2 0.12916666666666665 0.22638888888888886 0.023958333333333335 0.075
2 0.8216145833333334 0.375 0.015104166666666667 0.05925925925925926
2 0.19218749999999996 0.412962962962963 0.013541666666666667 0.05185185185185185
2 0.5598958333333333 0.38657407407407407 0.020833333333333332 0.05462962962962963
