2 0.4293645833333334 0.7806203703703704 0.009770833333333334 0.03161111111111111
2 0.8021354166666667 0.7150277777777778 0.008302083333333333 0.03921296296296296
1 0.22057291666666667 0.7310185185185185 0.009895833333333333 0.03611111111111111
2 0.4119791666666667 0.7550925925925926 0.007291666666666667 0.03425925925925926
2 0.7385416666666667 0.6893518518518518 0.008333333333333333 0.03981481481481482
2 0.8369791666666666 0.6699074074074074 0.010416666666666666 0.04351851851851852
2 0.7731770833333333 0.6972222222222222 0.008854166666666666 0.03888888888888889
3 0.6244791666666667 0.6097222222222223 0.0125 0.04722222222222222
2 0.4013020833333333 0.6976851851851852 0.008854166666666666 0.03981481481481482
2 0.29921875 0.7064814814814815 0.011979166666666667 0.03888888888888889
2 0.8111979166666666 0.6634259259259259 0.0109375 0.04537037037037037
2 0.690625 0.6189814814814815 0.011458333333333333 0.049074074074074076
2 0.2416666666666667 0.5222222222222221 0.0125 0.05925925925925926
2 0.48203125 0.7180555555555556 0.013020833333333334 0.03611111111111111
2 0.8544270833333334 0.5282407407407408 0.0109375 0.05462962962962963
2 0.5098958333333333 0.7194444444444444 0.014583333333333334 0.03518518518518519
2 0.7174479166666667 0.6254629629629629 0.016145833333333335 0.04722222222222222
2 0.4395833333333333 0.5222222222222221 0.014583333333333334 0.05925925925925926
2 0.7713541666666667 0.42453703703703705 0.014583333333333334 0.06388888888888888
2 0.7908854166666667 0.5907407407407408 0.015104166666666667 0.053703703703703705
2 0.7932291666666667 0.2865740740740741 0.03125 0.07314814814814814
3 0.8079895833333333 0.7527222222222222 0.007348958333333333 0.03292592592592593
2 0.7973854166666667 0.7305925925925927 0.0070572916666666674 0.03322222222222222
0 0.24578645833333335 0.7231296296296297 0.004885416666666667 0.009462962962962963
