3 0.8779722222222223 0.43057812500000003 0.03294444444444444 0.009755208333333333
2 0.8472222222222222 0.5520833333333334 0.03518518518518519 0.007291666666666667
2 0.7884259259259259 0.7625 0.04351851851851852 0.013541666666666667
2 0.8123981481481481 0.36226041666666664 0.04187962962962963 0.008807291666666666
2 0.6768518518518518 0.8377604166666667 0.06111111111111111 0.0140625
2 0.6924444444444444 0.24225520833333333 0.0502037037037037 0.014447916666666666
2 0.7866481481481482 0.6784479166666666 0.045231481481481484 0.009770833333333334
2 0.774537037037037 0.48880208333333336 0.041666666666666664 0.009895833333333333
2 0.6726851851851852 0.35625 0.05092592592592592 0.019791666666666666
2 0.7972222222222223 0.47578125 0.040740740740740744 0.009895833333333333
2 0.7375 0.67421875 0.04722222222222222 0.009895833333333333
2 0.5527777777777778 0.0984375 0.06481481481481481 0.014583333333333334
3 0.763425925925926 0.62265625 0.04537037037037037 0.011979166666666667
2 0.5546296296296296 0.89140625 0.06111111111111111 0.015104166666666667
2 0.6675925925925925 0.746875 0.05555555555555555 0.016666666666666666
2 0.6171296296296296 0.5002604166666667 0.05648148148148148 0.013020833333333334
2 0.6967592592592593 0.52421875 0.05092592592592592 0.011979166666666667
2 0.49768518518518523 0.8130208333333333 0.06944444444444445 0.013541666666666667
2 0.37962962962962965 0.2591145833333333 0.07592592592592592 0.0171875
2 0.6287037037037038 0.6736979166666667 0.05740740740740741 0.013020833333333334
3 0.09447222222222218 0.9053072916666667 0.1036574074074074 0.03521875
2 0.5888888888888889 0.43411458333333336 0.05925925925925926 0.0109375
2 0.42546296296296293 0.5880208333333333 0.0787037037037037 0.015625
1 0.7578888888888888 0.1373125 0.052703703703703704 0.013984375
0 0.6651574074074074 0.24409375000000003 0.011268518518518518 0.005760416666666667
