0 0.15000000000000002 0.28935185185185186 0.00625 0.010185185185185186
2 0.7436458333333333 0.38728703703703704 0.0109375 0.045648148148148146
2 0.42823958333333334 0.4508148148148148 0.010192708333333333 0.038953703703703706
2 0.46744791666666663 0.5314814814814814 0.0078125 0.03148148148148148
2 0.6369791666666667 0.5231481481481481 0.007291666666666667 0.03148148148148148
1 0.14921874999999996 0.4824074074074074 0.008854166666666666 0.03888888888888889
2 0.6815104166666667 0.46111111111111114 0.008854166666666666 0.044444444444444446
2 0.5903645833333333 0.44953703703703707 0.0078125 0.041666666666666664
2 0.5848958333333334 0.3930555555555556 0.010416666666666666 0.04537037037037037
2 0.44505208333333335 0.437037037037037 0.008854166666666666 0.044444444444444446
3 0.540625 0.41042592592592597 0.009375 0.04351851851851852
2 0.49765625 0.33611111111111114 0.008854166666666666 0.05185185185185185
2 0.3799479166666667 0.31759259259259254 0.0203125 0.05
2 0.6955729166666667 0.475 0.0078125 0.03888888888888889
2 0.72890625 0.36064814814814816 0.009895833333333333 0.04722222222222222
2 0.77421875 0.3143518518518519 0.0109375 0.05092592592592592
3 0.06234375000000003 0.14443518518518517 0.024687499999999998 0.06484259259259259
2 0.7390625 0.20879629629629626 0.014583333333333334 0.06388888888888888
2 0.12708333333333333 0.29953703703703705 0.01875 0.05462962962962963
2 0.5471354166666667 0.31018518518518523 0.0109375 0.053703703703703705
2 0.6049479166666667 0.11296296296296293 0.015104166666666667 0.06666666666666667
2 0.50546875 0.3050925925925926 0.0171875 0.05462962962962963
2 0.9489583333333333 0.20370370370370372 0.014583333333333334 0.05555555555555555
2 0.7403541666666666 0.39833333333333343 0.011958333333333333 0.044842592592592594
3 0.6599062499999999 0.5914074074074074 0.005682291666666667 0.025944444444444444
