2 0.6921296296296297 0.6486979166666667 0.026851851851851852 0.0078125
1 0.5752685185185185 0.14545833333333333 0.04019444444444444 0.014880208333333334
2 0.6337962962962963 0.36875 0.03611111111111111 0.008333333333333333
2 0.5583333333333333 0.7067708333333333 0.040740740740740744 0.008333333333333333
2 0.625 0.746875 0.037037037037037035 0.007291666666666667
2 0.5694444444444444 0.7388020833333333 0.040740740740740744 0.009895833333333333
2 0.39675925925925926 0.11119791666666666 0.05277777777777778 0.022395833333333334
2 0.2601851851851852 0.3299479166666667 0.06481481481481481 0.013020833333333334
2 0.6305555555555555 0.42578125 0.03518518518518519 0.008854166666666666
3 0.5273148148148148 0.6127604166666667 0.04722222222222222 0.009895833333333333
2 0.5162037037037037 0.290625 0.049074074074074076 0.0125
2 0.3833333333333333 0.18671875 0.04814814814814815 0.018229166666666668
2 0.5148148148148148 0.2421875 0.046296296296296294 0.009375
2 0.5912037037037037 0.4973958333333333 0.03981481481481482 0.008333333333333333
2 0.5625 0.6565104166666667 0.03981481481481482 0.0140625
2 0.4819444444444444 0.3966145833333333 0.04537037037037037 0.021354166666666667
2 0.5356481481481481 0.7518229166666667 0.04722222222222222 0.0140625
2 0.3587962962962963 0.6609375 0.06388888888888888 0.013541666666666667
2 0.35138888888888886 0.7276041666666667 0.06574074074074074 0.016666666666666666
2 0.4199074074074074 0.609375 0.058333333333333334 0.014583333333333334
2 0.4814814814814815 0.41770833333333335 0.04814814814814815 0.015625
2 0.2856481481481481 0.3536458333333333 0.06574074074074074 0.019791666666666666
3 0.14166666666666672 0.7986979166666667 0.07777777777777778 0.024479166666666666
3 0.7259629629629629 0.43997395833333336 0.0254537037037037 0.008109375
0 0.3809814814814815 0.09630729166666667 0.010342592592592592 0.0054062500000000005
