3 0.12202777777777778 0.569421875 0.03294444444444444 0.009755208333333333
2 0.1527777777777778 0.44791666666666663 0.03518518518518519 0.007291666666666667
2 0.21157407407407408 0.23750000000000004 0.04351851851851852 0.013541666666666667
2 0.18760185185185185 0.6377395833333334 0.04187962962962963 0.008807291666666666
2 0.32314814814814813 0.16223958333333333 0.06111111111111111 0.0140625
2 0.3075555555555556 0.7577447916666666 0.0502037037037037 0.014447916666666666
2 0.21335185185185185 0.3215520833333334 0.045231481481481484 0.009770833333333334
2 0.22546296296296298 0.5111979166666667 0.041666666666666664 0.009895833333333333
2 0.32731481481481484 0.64375 0.05092592592592592 0.019791666666666666
2 0.20277777777777778 0.52421875 0.040740740740740744 0.009895833333333333
2 0.2625 0.32578125 0.04722222222222222 0.009895833333333333
2 0.44722222222222224 0.9015625 0.06481481481481481 0.014583333333333334
3 0.23657407407407408 0.37734375 0.04537037037037037 0.011979166666666667
2 0.44537037037037036 0.10859375000000004 0.06111111111111111 0.015104166666666667
2 0.33240740740740743 0.25312500000000004 0.05555555555555555 0.016666666666666666
2 0.38287037037037036 0.49973958333333335 0.05648148148148148 0.013020833333333334
2 0.30324074074074076 0.47578125000000004 0.05092592592592592 0.011979166666666667
2 0.5023148148148148 0.1869791666666667 0.06944444444444445 0.013541666666666667
2 0.6203703703703703 0.7408854166666667 0.07592592592592592 0.0171875
2 0.3712962962962963 0.3263020833333333 0.05740740740740741 0.013020833333333334
3 0.9055277777777778 0.09469270833333332 0.1036574074074074 0.03521875
2 0.4111111111111111 0.5658854166666667 0.05925925925925926 0.0109375
2 0.5745370370370371 0.4119791666666667 0.0787037037037037 0.015625
1 0.24211111111111114 0.8626875 0.052703703703703704 0.013984375
0 0.3348425925925926 0.75590625 0.011268518518518518 0.005760416666666667
