2 0.46119791666666665 0.32407407407407407 0.009895833333333333 0.053703703703703705
2 0.66171875 0.5180555555555555 0.0067708333333333336 0.03611111111111111
2 0.6263020833333333 0.5597222222222222 0.0067708333333333336 0.028703703703703703
2 0.5581302083333333 0.4484814814814815 0.008739583333333334 0.040074074074074074
3 0.07526041666666672 0.14537037037037037 0.0140625 0.06666666666666667
2 0.45442708333333337 0.6097222222222223 0.0078125 0.030555555555555555
1 0.9403645833333333 0.4800925925925926 0.0109375 0.03611111111111111
3 0.5606770833333333 0.4212962962962963 0.009895833333333333 0.046296296296296294
2 0.4419270833333333 0.4277777777777778 0.0078125 0.04814814814814815
2 0.559375 0.5032407407407408 0.009375 0.03796296296296296
2 0.7010416666666667 0.46018518518518514 0.010416666666666666 0.040740740740740744
2 0.6213541666666667 0.2407407407407407 0.014583333333333334 0.06111111111111111
2 0.62109375 0.5282407407407408 0.008854166666666666 0.03611111111111111
2 0.7119791666666666 0.3458333333333333 0.016666666666666666 0.05462962962962963
2 0.4013020833333333 0.5041666666666667 0.0078125 0.03611111111111111
2 0.42818229166666666 0.4533425925925926 0.016552083333333335 0.041462962962962965
2 0.66171875 0.47870370370370374 0.009895833333333333 0.04814814814814815
1 0.12239583333333337 0.5032407407407408 0.010416666666666666 0.03981481481481482
2 0.25625 0.4981481481481481 0.009375 0.04259259259259259
2 0.2588541666666667 0.35462962962962963 0.0125 0.04814814814814815
2 0.6263020833333333 0.413425925925926 0.0078125 0.04722222222222222
2 0.29661458333333335 0.2930555555555555 0.0140625 0.06018518518518518
2 0.7796875 0.17546296296296293 0.014583333333333334 0.06388888888888888
2 0.5067708333333334 0.14768518518518514 0.019791666666666666 0.06759259259259259
3 0.6181822916666666 0.6225833333333333 0.0064531250000000005 0.025231481481481483
0 0.30190625000000004 0.2819999999999999 0.004859375 0.008916666666666668
