2 0.7560648148148148 0.23151041666666666 0.041574074074074076 0.0140625
2 0.825925925925926 0.34322916666666664 0.03518518518518519 0.0125
2 0.8333333333333334 0.5361979166666667 0.03148148148148148 0.0109375
1 0.7722222222222223 0.1890625 0.03888888888888889 0.0125
2 0.8064814814814815 0.6450520833333333 0.03888888888888889 0.008854166666666666
2 0.812037037037037 0.4375 0.040740740740740744 0.009375
2 0.6666666666666667 0.50625 0.05185185185185185 0.010416666666666666
2 0.8004629629629629 0.4708333333333333 0.041666666666666664 0.008333333333333333
2 0.8050925925925926 0.71875 0.03981481481481482 0.013541666666666667
2 0.7680555555555555 0.6625 0.04351851851851852 0.008333333333333333
2 0.6513888888888889 0.084375 0.05462962962962963 0.014583333333333334
2 0.49537037037037035 0.30532291666666667 0.06666666666666667 0.018973958333333332
3 0.7689814814814815 0.6143229166666667 0.04537037037037037 0.0078125
2 0.7101851851851853 0.8731770833333333 0.05185185185185185 0.011979166666666667
2 0.6754629629629629 0.7380208333333333 0.05277777777777778 0.011458333333333333
2 0.6055555555555556 0.7815104166666667 0.05555555555555555 0.015104166666666667
2 0.7282407407407407 0.51484375 0.049074074074074076 0.013020833333333334
2 0.7027777777777777 0.4557291666666667 0.05 0.0125
2 0.6310185185185185 0.85234375 0.06018518518518518 0.0140625
2 0.6921296296296297 0.6989583333333333 0.05092592592592592 0.011458333333333333
2 0.6040277777777778 0.38857812500000005 0.05861111111111111 0.016734375000000003
2 0.4930555555555556 0.7020833333333333 0.06574074074074074 0.014583333333333334
3 0.08657407407407403 0.88515625 0.10092592592592593 0.0234375
0 0.7413425925925925 0.22108333333333335 0.009324074074074075 0.004640625
3 0.8786944444444444 0.40155729166666665 0.03284259259259259 0.007510416666666667
