3 0.14021875000000006 0.09543518518518523 0.037723958333333335 0.0869074074074074
2 0.3338541666666667 0.6541666666666667 0.009375 0.03611111111111111
2 0.4932291666666667 0.6287037037037038 0.010416666666666666 0.03518518518518519
2 0.4234375 0.6921296296296297 0.008333333333333333 0.03425925925925926
0 0.26145833333333335 0.15555555555555556 0.007291666666666667 0.012962962962962963
2 0.22889062500000001 0.4590185185185185 0.01923958333333333 0.056046296296296295
2 0.31276041666666665 0.5560185185185185 0.0140625 0.041666666666666664
2 0.60625 0.6449074074074075 0.008333333333333333 0.03981481481481482
1 0.9283854166666666 0.5851851851851853 0.011979166666666667 0.04259259259259259
2 0.2911458333333333 0.5935185185185186 0.0125 0.040740740740740744
2 0.2611979166666667 0.5625 0.016145833333333335 0.04537037037037037
2 0.653125 0.5439814814814814 0.009375 0.04722222222222222
2 0.19019791666666674 0.24197222222222226 0.020151041666666664 0.07152777777777777
2 0.37239583333333337 0.6587962962962963 0.010416666666666666 0.03425925925925926
2 0.46744791666666663 0.5717592592592593 0.013020833333333334 0.04537037037037037
2 0.5966145833333334 0.42500000000000004 0.016145833333333335 0.05740740740740741
2 0.4341145833333333 0.5592592592592592 0.011979166666666667 0.04259259259259259
2 0.8127604166666667 0.41574074074074074 0.013020833333333334 0.053703703703703705
3 0.4765625 0.5069444444444444 0.013541666666666667 0.049074074074074076
2 0.19062500000000004 0.20138888888888884 0.026041666666666668 0.0787037037037037
2 0.8567708333333334 0.43425925925925923 0.020833333333333332 0.05740740740740741
2 0.678125 0.4736111111111111 0.0125 0.05277777777777778
2 0.76796875 0.250462962962963 0.0265625 0.062037037037037036
2 0.8408854166666666 0.3212962962962963 0.019270833333333334 0.05925925925925926
3 0.6408750000000001 0.7207222222222223 0.009895833333333333 0.028574074074074075
