3 0.43034259259259255 0.375640625 0.040629629629629634 0.0100625
2 0.5384259259259259 0.2838541666666667 0.03611111111111111 0.008333333333333333
2 0.5694444444444444 0.6481770833333333 0.03333333333333333 0.0067708333333333336
2 0.3935185185185185 0.36796875 0.05185185185185185 0.009895833333333333
2 0.5921296296296297 0.38177083333333334 0.030555555555555555 0.00625
1 0.499537037037037 0.14010416666666667 0.03981481481481482 0.009375
2 0.5231481481481481 0.27786458333333336 0.040740740740740744 0.008854166666666666
2 0.35 0.3106770833333333 0.05185185185185185 0.0203125
2 0.48796296296296293 0.16354166666666667 0.040740740740740744 0.008333333333333333
2 0.5171296296296296 0.6841145833333333 0.04351851851851852 0.008854166666666666
2 0.49444444444444446 0.4322916666666667 0.04259259259259259 0.009375
2 0.4032407407407408 0.0796875 0.05277777777777778 0.009375
2 0.5675925925925926 0.6044270833333333 0.03518518518518519 0.008854166666666666
2 0.5324074074074074 0.39348958333333334 0.040740740740740744 0.008854166666666666
2 0.4805555555555555 0.4981770833333333 0.040740740740740744 0.008854166666666666
2 0.4092592592592592 0.38697916666666665 0.05 0.016666666666666666
2 0.2601851851851852 0.18723958333333332 0.06481481481481481 0.0140625
2 0.4018518518518519 0.6739583333333333 0.05185185185185185 0.011458333333333333
2 0.45092592592592595 0.3111979166666667 0.044444444444444446 0.009895833333333333
2 0.374537037037037 0.23723958333333334 0.05092592592592592 0.013020833333333334
3 0.054166666666666696 0.7222395833333334 0.0787037037037037 0.0234375
2 0.40740740740740744 0.45390625 0.053703703703703705 0.011979166666666667
2 0.2833333333333333 0.4588541666666667 0.06111111111111111 0.020833333333333332
0 0.48697222222222214 0.150296875 0.008342592592592592 0.00465625
3 0.6350462962962964 0.319796875 0.02837962962962963 0.006083333333333333
