3 0.5646145833333334 0.7753425925925925 0.007348958333333333 0.034499999999999996
2 0.19023958333333335 0.6784074074074073 0.009640625000000002 0.045037037037037035
2 0.19635416666666672 0.7417777777777778 0.010416666666666666 0.036814814814814814
2 0.5072916666666667 0.7574074074074074 0.007291666666666667 0.03333333333333333
2 0.18359375 0.563425925925926 0.0109375 0.06388888888888888
2 0.19477604166666673 0.6633611111111111 0.011979166666666667 0.047101851851851846
2 0.19635416666666672 0.6143518518518518 0.010416666666666666 0.04722222222222222
2 0.2182291666666667 0.725 0.0125 0.03888888888888889
2 0.44895833333333335 0.725 0.00625 0.037037037037037035
2 0.57265625 0.6814814814814815 0.008854166666666666 0.04259259259259259
2 0.17614062500000005 0.5717592592592593 0.014635416666666668 0.05462962962962963
2 0.3614583333333333 0.6666666666666667 0.010416666666666666 0.046296296296296294
2 0.2075520833333333 0.6791666666666667 0.008854166666666666 0.041666666666666664
3 0.3552708333333333 0.6452685185185185 0.010416666666666666 0.04722222222222222
2 0.3109375 0.6587962962962963 0.011458333333333333 0.04351851851851852
2 0.7278645833333333 0.6180555555555556 0.0171875 0.04537037037037037
2 0.5651041666666667 0.638425925925926 0.011458333333333333 0.04537037037037037
2 0.28932291666666665 0.4013888888888889 0.018229166666666668 0.06944444444444445
3 0.015364583333333348 0.038425925925925974 0.030729166666666665 0.075
1 0.8004635416666667 0.6699074074074074 0.017822916666666667 0.04722222222222222
2 0.69765625 0.6296296296296297 0.0109375 0.04814814814814815
2 0.43776041666666665 0.6037037037037036 0.0171875 0.05185185185185185
2 0.62890625 0.32546296296296295 0.024479166666666666 0.06574074074074074
0 0.7896510416666667 0.6505648148148149 0.005578125000000001 0.010435185185185184
2 0.2649947916666666 0.7620648148148148 0.0095625 0.04000925925925926
