3 0.6398148148148148 0.21067708333333332 0.025925925925925925 0.009895833333333333
2 0.6125 0.3690104166666667 0.032407407407407406 0.0078125
2 0.5805555555555555 0.25234375 0.037037037037037035 0.0109375
1 0.549074074074074 0.8416666666666667 0.037037037037037035 0.009375
2 0.5449074074074074 0.25755208333333335 0.03611111111111111 0.0067708333333333336
2 0.5023148148148149 0.74921875 0.04537037037037037 0.009895833333333333
2 0.5865740740740741 0.3572916666666667 0.032407407407407406 0.008333333333333333
3 0.4800277777777777 0.4557291666666667 0.04537037037037037 0.009375
2 0.5629629629629629 0.6299479166666667 0.040740740740740744 0.0067708333333333336
2 0.5199074074074075 0.45208333333333334 0.03796296296296296 0.007291666666666667
3 0.30674074074074076 0.9593802083333334 0.05860185185185185 0.023947916666666666
2 0.2791666666666667 0.19947916666666668 0.06574074074074074 0.016666666666666666
2 0.5773148148148148 0.5763020833333333 0.03981481481481482 0.0109375
2 0.5314814814814814 0.20963541666666666 0.04259259259259259 0.0109375
2 0.39722222222222225 0.32734375 0.053703703703703705 0.0109375
2 0.2958333333333333 0.8575520833333333 0.0712962962962963 0.0140625
2 0.46064814814814814 0.7341145833333333 0.049074074074074076 0.0109375
2 0.5078703703703704 0.42916666666666664 0.04537037037037037 0.011458333333333333
2 0.17685185185185182 0.4427083333333333 0.06666666666666667 0.022916666666666665
2 0.4745370370370371 0.18229166666666666 0.04351851851851852 0.0125
2 0.3555555555555555 0.7859375 0.05925925925925926 0.015625
2 0.39583333333333337 0.42291666666666666 0.05462962962962963 0.014583333333333334
2 0.38009259259259254 0.18046875 0.05462962962962963 0.015104166666666667
2 0.23796296296296293 0.303125 0.06851851851851852 0.013541666666666667
0 0.5425833333333334 0.8262552083333333 0.009611111111111112 0.005390625
