2 0.6296296296296297 0.6231770833333333 0.03333333333333333 0.009895833333333333
2 0.625925925925926 0.6315104166666666 0.03148148148148148 0.0078125
2 0.6370370370370371 0.440625 0.027777777777777776 0.010416666666666666
2 0.6375 0.41875 0.030555555555555555 0.016666666666666666
2 0.6080185185185185 0.504625 0.037675925925925925 0.012375
2 0.6194444444444445 0.3359375 0.03333333333333333 0.0125
2 0.5517129629629629 0.5524114583333334 0.05157407407407408 0.013156250000000001
2 0.612037037037037 0.46536458333333336 0.040740740740740744 0.0109375
2 0.5949074074074074 0.48984375 0.041666666666666664 0.0109375
2 0.39583333333333337 0.8377604166666667 0.06759259259259259 0.019270833333333334
1 0.5990740740740741 0.0796875 0.04259259259259259 0.008333333333333333
2 0.5226851851851853 0.76796875 0.05277777777777778 0.013020833333333334
2 0.5787037037037037 0.7325520833333333 0.044444444444444446 0.008854166666666666
2 0.5740740740740741 0.290625 0.046296296296296294 0.011458333333333333
2 0.575462962962963 0.7059895833333333 0.04537037037037037 0.013020833333333334
2 0.4703703703703703 0.7895833333333333 0.06296296296296296 0.015625
2 0.513425925925926 0.38203125 0.05462962962962963 0.0140625
2 0.4648148148148148 0.228125 0.06666666666666667 0.016666666666666666
2 0.2592592592592593 0.69375 0.08703703703703704 0.023958333333333335
0 0.6196759259259259 0.35644791666666664 0.008805555555555556 0.004864583333333334
3 0.653287037037037 0.39255208333333336 0.034999999999999996 0.007489583333333333
3 0.5703333333333334 0.5544375 0.041546296296296296 0.015890625000000002
