2 0.6467592592592593 0.59921875 0.032407407407407406 0.009895833333333333
1 0.5907407407407408 0.9669270833333333 0.05 0.016145833333333335
2 0.6527777777777778 0.3703125 0.03148148148148148 0.009375
2 0.6611111111111111 0.41953125 0.03333333333333333 0.0067708333333333336
3 0.6550925925925926 0.17317708333333334 0.03425925925925926 0.0067708333333333336
2 0.612037037037037 0.3997395833333333 0.046296296296296294 0.008854166666666666
2 0.6208333333333333 0.5484375 0.041666666666666664 0.008333333333333333
2 0.599537037037037 0.5072916666666667 0.041666666666666664 0.009375
2 0.48888888888888893 0.9494791666666667 0.05925925925925926 0.014583333333333334
2 0.5884259259259259 0.6026041666666667 0.04722222222222222 0.010416666666666666
2 0.5208333333333333 0.49322916666666666 0.05648148148148148 0.010416666666666666
2 0.5939814814814814 0.765625 0.04537037037037037 0.010416666666666666
2 0.5861111111111111 0.7471354166666667 0.040740740740740744 0.011979166666666667
2 0.5324074074074074 0.47578125 0.05185185185185185 0.009895833333333333
2 0.5532407407407407 0.16302083333333334 0.05648148148148148 0.011458333333333333
2 0.5990740740740741 0.2604166666666667 0.046296296296296294 0.010416666666666666
2 0.5550925925925926 0.14635416666666667 0.05092592592592592 0.011458333333333333
3 0.5703703703703704 0.5171875 0.04814814814814815 0.0125
2 0.4824074074074074 0.6440104166666667 0.06111111111111111 0.021354166666666667
2 0.4805555555555555 0.18671875 0.06111111111111111 0.013020833333333334
2 0.4541666666666667 0.3703125 0.06388888888888888 0.015625
2 0.3587962962962963 0.34375 0.06759259259259259 0.022916666666666665
2 0.19861111111111107 0.80390625 0.10462962962962963 0.025520833333333333
0 0.512925925925926 0.8521197916666666 0.013296296296296296 0.006333333333333333
