2 0.425 0.30989583333333337 0.05 0.011458333333333333
2 0.3648148148148148 0.5119791666666667 0.03888888888888889 0.007291666666666667
2 0.5444444444444444 0.5520833333333333 0.06111111111111111 0.019791666666666666
2 0.45231481481481484 0.29921875 0.04351851851851852 0.0140625
3 0.5217592592592593 0.44218749999999996 0.06388888888888888 0.016666666666666666
2 0.6573055555555556 0.1991770833333334 0.07942592592592593 0.022317708333333335
2 0.46944444444444444 0.28515625 0.05 0.016145833333333335
2 0.6460092592592593 0.28256770833333333 0.06238888888888888 0.040130208333333334
2 0.46620370370370373 0.7052083333333333 0.05648148148148148 0.011458333333333333
2 0.6754629629629629 0.5059895833333333 0.08796296296296297 0.019270833333333334
2 0.6671296296296296 0.40937500000000004 0.08055555555555556 0.019791666666666666
2 0.5768518518518518 0.6643229166666667 0.07037037037037037 0.0140625
2 0.662962962962963 0.5669270833333333 0.08703703703703704 0.015104166666666667
2 0.6622870370370371 0.8066197916666666 0.09494444444444446 0.018453125
2 0.763425925925926 0.19687500000000002 0.09722222222222222 0.019791666666666666
2 0.5925925925925926 0.4638020833333333 0.06851851851851852 0.019270833333333334
2 0.7578703703703704 0.2953125 0.08796296296296297 0.021875
2 0.6824074074074075 0.3901041666666667 0.08703703703703704 0.021875
2 0.7023148148148148 0.52265625 0.09166666666666666 0.019270833333333334
2 0.5476851851851852 0.5794270833333333 0.0712962962962963 0.0203125
2 0.862037037037037 0.5 0.10925925925925926 0.027083333333333334
0 0.6593240740740741 0.2034114583333333 0.01374074074074074 0.007598958333333333
3 0.32646296296296295 0.6050520833333334 0.03281481481481481 0.006625000000000001
