2 0.5520833333333333 0.6 0.009375 0.03518518518518519
2 0.503265625 0.6170925925925925 0.013239583333333334 0.03684259259259259
3 0.6674947916666667 0.6425092592592593 0.009895833333333333 0.03333333333333333
2 0.61953125 0.5861111111111111 0.0109375 0.03518518518518519
2 0.62890625 0.587037037037037 0.0140625 0.037037037037037035
2 0.5888020833333334 0.6268518518518518 0.0109375 0.03333333333333333
2 0.4291666666666667 0.6 0.009375 0.03888888888888889
2 0.40937500000000004 0.5967592592592592 0.010416666666666666 0.03981481481481482
2 0.32499999999999996 0.5643518518518518 0.011458333333333333 0.04722222222222222
2 0.5450520833333333 0.5796296296296296 0.008854166666666666 0.040740740740740744
2 0.3067708333333333 0.5689814814814815 0.0125 0.04351851851851852
2 0.528125 0.5791666666666666 0.011458333333333333 0.04351851851851852
3 0.4356770833333333 0.5587962962962962 0.015104166666666667 0.049074074074074076
2 0.1997395833333333 0.4625 0.016145833333333335 0.062037037037037036
2 0.44609374999999996 0.5268518518518519 0.016145833333333335 0.05185185185185185
2 0.11354166666666665 0.38796296296296295 0.014583333333333334 0.07037037037037037
2 0.5611979166666667 0.46898148148148144 0.0109375 0.06018518518518518
2 0.4966145833333333 0.5222222222222221 0.0109375 0.05555555555555555
2 0.7809895833333333 0.5314814814814814 0.016145833333333335 0.05555555555555555
2 0.27656250000000004 0.5115740740740741 0.011458333333333333 0.06018518518518518
2 0.3125 0.24907407407407411 0.025 0.08703703703703704
2 0.8333333333333334 0.3930555555555556 0.01875 0.07685185185185185
0 0.6336510416666667 0.5815092592592592 0.0046875 0.010194444444444443
