2 0.3116851851851852 0.24571874999999999 0.05439814814814815 0.010640624999999999
3 0.26296296296296295 0.5934895833333333 0.044444444444444446 0.008854166666666666
2 0.3101851851851852 0.584375 0.05 0.009375
2 0.3143518518518518 0.3018229166666667 0.05277777777777778 0.011979166666666667
2 0.30092592592592593 0.48203125 0.04814814814814815 0.0140625
2 0.4449074074074074 0.13098958333333333 0.0787037037037037 0.0171875
2 0.34074074074074073 0.8091145833333333 0.05555555555555555 0.011979166666666667
2 0.3194444444444444 0.6106770833333333 0.05925925925925926 0.013020833333333334
2 0.3143518518518518 0.42734375 0.04722222222222222 0.024479166666666666
2 0.36157407407407405 0.19036458333333328 0.062037037037037036 0.0140625
2 0.34120370370370373 0.4760416666666667 0.06018518518518518 0.011458333333333333
2 0.4305555555555556 0.7591145833333334 0.07777777777777778 0.016145833333333335
2 0.33101851851851855 0.5018229166666667 0.04722222222222222 0.018229166666666668
2 0.3638888888888889 0.2309895833333333 0.06666666666666667 0.013020833333333334
2 0.3578703703703704 0.7020833333333334 0.06759259259259259 0.0125
3 0.3902777777777778 0.51484375 0.06759259259259259 0.011979166666666667
2 0.38333333333333336 0.49479166666666663 0.06481481481481481 0.014583333333333334
2 0.37916666666666665 0.36197916666666663 0.06574074074074074 0.014583333333333334
2 0.5847222222222223 0.28098958333333335 0.09722222222222222 0.018229166666666668
2 0.6708333333333333 0.55234375 0.10648148148148148 0.0203125
2 0.41712962962962963 0.6705729166666667 0.07314814814814814 0.013020833333333334
2 0.49074074074074076 0.2533854166666667 0.09074074074074075 0.0203125
0 0.18233333333333332 0.4428333333333333 0.00963888888888889 0.004479166666666667
