3 0.3618425925925926 0.7802083333333334 0.035583333333333335 0.008333333333333333
1 0.44166666666666665 0.08776041666666667 0.04259259259259259 0.0140625
2 0.42685185185185187 0.4385416666666667 0.03888888888888889 0.011458333333333333
2 0.41759259259259257 0.74453125 0.040740740740740744 0.008854166666666666
2 0.4666666666666667 0.3067708333333333 0.046296296296296294 0.011458333333333333
2 0.6365740740740741 0.7802083333333334 0.06388888888888888 0.019791666666666666
2 0.5879629629629629 0.08802083333333333 0.06666666666666667 0.026041666666666668
2 0.40324074074074073 0.6453125 0.03796296296296296 0.009375
2 0.45416666666666666 0.4526041666666667 0.04537037037037037 0.013541666666666667
2 0.5666666666666667 0.5408854166666667 0.05925925925925926 0.0171875
2 0.5018518518518519 0.76875 0.05185185185185185 0.01875
3 0.48009259259259257 0.5080729166666667 0.049074074074074076 0.016145833333333335
2 0.48657407407407405 0.3338541666666667 0.05462962962962963 0.011458333333333333
2 0.6351851851851852 0.16510416666666672 0.06481481481481481 0.015625
2 0.6648148148148149 0.19348958333333333 0.07407407407407407 0.0171875
2 0.5643518518518519 0.4130208333333333 0.06018518518518518 0.017708333333333333
2 0.49675925925925923 0.6723958333333333 0.04722222222222222 0.015625
2 0.6449074074074074 0.7643229166666666 0.06388888888888888 0.021354166666666667
2 0.5527777777777778 0.11354166666666665 0.05925925925925926 0.015625
2 0.6875 0.4770833333333333 0.0787037037037037 0.01875
2 0.6430555555555556 0.6557291666666667 0.07314814814814814 0.01875
2 0.5634259259259259 0.6971354166666667 0.06018518518518518 0.0203125
0 0.5918333333333333 0.8973854166666666 0.022583333333333334 0.013546875000000002
2 0.5426481481481481 0.4107135416666666 0.062453703703703706 0.016796875
