2 0.3837962962962963 0.3106770833333333 0.04351851851851852 0.0078125
2 0.34629629629629627 0.26093750000000004 0.04259259259259259 0.009375
2 0.41944444444444445 0.15364583333333337 0.04814814814814815 0.010416666666666666
2 0.31851851851851853 0.32057291666666665 0.03888888888888889 0.0078125
2 0.3037037037037037 0.39036458333333335 0.040740740740740744 0.009895833333333333
2 0.42592592592592593 0.16249999999999998 0.05 0.01875
2 0.31805555555555554 0.50390625 0.041666666666666664 0.008854166666666666
2 0.3439814814814815 0.6239583333333334 0.04722222222222222 0.014583333333333334
2 0.29444444444444445 0.76484375 0.03888888888888889 0.008854166666666666
2 0.28888888888888886 0.41093749999999996 0.04259259259259259 0.008333333333333333
3 0.3685185185185185 0.42161458333333335 0.044444444444444446 0.009895833333333333
2 0.3106481481481482 0.78671875 0.041666666666666664 0.011979166666666667
2 0.36898148148148147 0.6346354166666667 0.04722222222222222 0.0109375
2 0.44166666666666665 0.68359375 0.05740740740740741 0.015104166666666667
2 0.425 0.31953125000000004 0.05740740740740741 0.011979166666666667
2 0.36527777777777776 0.86875 0.04722222222222222 0.010416666666666666
2 0.45555555555555555 0.6973958333333333 0.05925925925925926 0.016666666666666666
1 0.29515740740740737 0.2831145833333333 0.04403703703703704 0.012885416666666667
2 0.30492592592592593 0.3139739583333333 0.04812037037037037 0.011411458333333334
2 0.324712962962963 0.35149479166666664 0.04696296296296296 0.010619791666666666
2 0.30403703703703705 0.3521927083333334 0.04634259259259259 0.010437499999999999
2 0.2872222222222222 0.3855677083333333 0.04360185185185186 0.010046875
