2 0.22361111111111112 0.41927083333333337 0.041666666666666664 0.009375
2 0.2101851851851852 0.5049479166666666 0.027777777777777776 0.009895833333333333
2 0.2569444444444444 0.6091145833333333 0.04351851851851852 0.0067708333333333336
2 0.20833333333333334 0.521875 0.037037037037037035 0.008333333333333333
2 0.2229722222222222 0.4287500000000001 0.03925 0.008203125
2 0.21471296296296294 0.4131041666666667 0.027564814814814813 0.014750000000000001
2 0.2324074074074074 0.7114583333333333 0.044444444444444446 0.007291666666666667
3 0.21574074074074073 0.72734375 0.037037037037037035 0.008854166666666666
2 0.28055555555555556 0.7302083333333333 0.044444444444444446 0.008333333333333333
2 0.26481481481481484 0.5013020833333333 0.04259259259259259 0.0078125
2 0.27546296296296297 0.546875 0.04537037037037037 0.008333333333333333
2 0.4074074074074074 0.17656249999999996 0.05925925925925926 0.0125
2 0.33240740740740743 0.4234375 0.05 0.011458333333333333
2 0.34444444444444444 0.6401041666666667 0.053703703703703705 0.010416666666666666
2 0.3435185185185185 0.2427083333333333 0.05740740740740741 0.011458333333333333
2 0.4791666666666667 0.7880208333333334 0.06759259259259259 0.017708333333333333
2 0.38472222222222224 0.20390624999999996 0.058333333333333334 0.011979166666666667
3 0.30277777777777776 0.36744791666666665 0.05 0.0109375
2 0.4375 0.37630208333333337 0.06018518518518518 0.016145833333333335
2 0.9671296296296297 0.70390625 0.06388888888888888 0.022395833333333334
2 0.4152777777777778 0.2846354166666667 0.062037037037037036 0.015104166666666667
2 0.7263888888888889 0.32786458333333335 0.08425925925925926 0.022395833333333334
0 0.22057407407407406 0.47888020833333333 0.010509259259259258 0.005229166666666666
2 0.20725925925925925 0.4271145833333333 0.03427777777777778 0.007166666666666667
