2 0.8111111111111111 0.5520833333333334 0.03148148148148148 0.009375
2 0.8101851851851851 0.59921875 0.040740740740740744 0.008854166666666666
2 0.773425925925926 0.24728124999999998 0.045009259259259256 0.010187499999999999
2 0.6388888888888888 0.83125 0.05185185185185185 0.026041666666666668
2 0.7953703703703704 0.6174479166666667 0.04259259259259259 0.0140625
2 0.8013888888888889 0.48359375 0.041666666666666664 0.0078125
2 0.8027777777777778 0.4471354166666667 0.04814814814814815 0.008854166666666666
2 0.762962962962963 0.3932291666666667 0.04259259259259259 0.008333333333333333
2 0.7574074074074074 0.5111979166666667 0.03518518518518519 0.015104166666666667
2 0.7314814814814814 0.26875 0.04814814814814815 0.0125
2 0.7587962962962963 0.5395833333333333 0.04537037037037037 0.01875
2 0.7712962962962963 0.46145833333333336 0.04259259259259259 0.011458333333333333
2 0.6842592592592592 0.79296875 0.05740740740740741 0.013020833333333334
2 0.6833333333333333 0.5734375 0.05185185185185185 0.011458333333333333
2 0.5912037037037037 0.6377604166666667 0.06388888888888888 0.0171875
2 0.6208333333333333 0.8411458333333334 0.06018518518518518 0.022916666666666665
2 0.6731481481481482 0.35546875 0.05740740740740741 0.016145833333333335
2 0.5611111111111111 0.19348958333333333 0.06666666666666667 0.0203125
3 0.7097222222222221 0.6072916666666667 0.05277777777777778 0.011458333333333333
2 0.6754629629629629 0.68828125 0.05462962962962963 0.0140625
2 0.30972222222222223 0.7190104166666667 0.09351851851851851 0.033854166666666664
0 0.7541851851851852 0.4608072916666667 0.007425925925925925 0.004020833333333333
3 0.8087777777777778 0.24719791666666666 0.04372222222222222 0.009703125
