3 0.66171875 0.7611111111111111 0.008854166666666666 0.02962962962962963
2 0.7666666666666666 0.5953703703703703 0.010416666666666666 0.044444444444444446
2 0.5796875 0.6986111111111111 0.007291666666666667 0.030555555555555555
2 0.3994791666666667 0.6856481481481482 0.009375 0.03796296296296296
2 0.3397604166666667 0.6492037037037037 0.012145833333333333 0.03863888888888889
2 0.5682291666666667 0.6375 0.009375 0.03796296296296296
2 0.7661458333333333 0.5055555555555555 0.0125 0.046296296296296294
2 0.32734375000000004 0.7092592592592593 0.0078125 0.03148148148148148
2 0.3783854166666667 0.6759259259259259 0.013020833333333334 0.03333333333333333
2 0.4591145833333333 0.7092592592592593 0.009895833333333333 0.03333333333333333
2 0.30598958333333337 0.6675925925925925 0.008854166666666666 0.037037037037037035
2 0.5770833333333334 0.6611111111111111 0.0125 0.037037037037037035
2 0.60703125 0.7185185185185186 0.009895833333333333 0.03518518518518519
2 0.20520833333333333 0.637962962962963 0.010416666666666666 0.044444444444444446
3 0.39531249999999996 0.6319444444444444 0.008333333333333333 0.04537037037037037
2 0.303125 0.5935185185185186 0.013541666666666667 0.044444444444444446
2 0.52421875 0.5115740740740741 0.011979166666666667 0.06018518518518518
2 0.77421875 0.55 0.013020833333333334 0.05740740740740741
2 0.7276041666666666 0.675 0.010416666666666666 0.040740740740740744
2 0.6419270833333333 0.5962962962962963 0.009895833333333333 0.046296296296296294
2 0.22421875000000002 0.5453703703703704 0.009895833333333333 0.05555555555555555
2 0.6036458333333333 0.4282407407407407 0.01875 0.062037037037037036
