3 0.7916666666666666 0.24811458333333333 0.037037037037037035 0.0067708333333333336
2 0.7773148148148148 0.42994791666666665 0.030555555555555555 0.008854166666666666
2 0.7731481481481481 0.31015625 0.04814814814814815 0.011979166666666667
2 0.7787037037037037 0.609375 0.03518518518518519 0.008333333333333333
2 0.6449074074074075 0.74375 0.05648148148148148 0.015625
2 0.7361111111111112 0.49166666666666664 0.04259259259259259 0.008333333333333333
2 0.7361111111111112 0.3619791666666667 0.046296296296296294 0.008333333333333333
2 0.7277777777777779 0.6544270833333333 0.046296296296296294 0.008854166666666666
2 0.7319444444444445 0.6028645833333334 0.04351851851851852 0.009895833333333333
2 0.7106481481481481 0.4356770833333333 0.049074074074074076 0.011979166666666667
3 0.6856481481481482 0.6263020833333334 0.049074074074074076 0.009895833333333333
2 0.6662037037037036 0.5705729166666667 0.05092592592592592 0.0109375
2 0.7300925925925925 0.271875 0.04537037037037037 0.009375
2 0.6462962962962964 0.33255208333333336 0.05555555555555555 0.013020833333333334
2 0.5375 0.5924479166666666 0.062037037037037036 0.013020833333333334
2 0.6055555555555556 0.7776041666666667 0.06111111111111111 0.011458333333333333
2 0.5805555555555555 0.7950520833333333 0.06111111111111111 0.015104166666666667
2 0.500925925925926 0.15703125 0.06851851851851852 0.0140625
2 0.2583333333333333 0.5778645833333333 0.08333333333333333 0.0203125
2 0.575925925925926 0.671875 0.06296296296296296 0.014583333333333334
2 0.7987314814814814 0.46654687499999997 0.0345462962962963 0.008671874999999999
2 0.80275 0.594171875 0.03442592592592592 0.008635416666666666
