2 0.549074074074074 0.13671875 0.03888888888888889 0.0109375
1 0.6625 0.13619791666666667 0.03611111111111111 0.013020833333333334
2 0.700462962962963 0.3533854166666667 0.030555555555555555 0.0078125
2 0.5981481481481481 0.33177083333333335 0.044444444444444446 0.011458333333333333
2 0.6652777777777779 0.29791666666666666 0.03796296296296296 0.010416666666666666
2 0.5393611111111112 0.17077604166666666 0.0472037037037037 0.014697916666666666
2 0.5444444444444445 0.27317708333333335 0.046296296296296294 0.018229166666666668
2 0.6856481481481482 0.6674479166666667 0.03611111111111111 0.008854166666666666
2 0.6578703703703703 0.8091145833333333 0.041666666666666664 0.008854166666666666
2 0.6106481481481482 0.37604166666666666 0.04351851851851852 0.010416666666666666
2 0.6027777777777779 0.66484375 0.037037037037037035 0.008854166666666666
2 0.5097222222222222 0.5635416666666667 0.041666666666666664 0.014583333333333334
2 0.5842592592592593 0.7744791666666667 0.046296296296296294 0.010416666666666666
2 0.5550925925925926 0.34270833333333334 0.04537037037037037 0.009375
2 0.4925925925925926 0.25390625 0.05 0.015104166666666667
3 0.5541666666666667 0.3917083333333334 0.04722222222222222 0.011458333333333333
2 0.4643518518518519 0.79453125 0.05092592592592592 0.0140625
2 0.6421296296296296 0.8208333333333333 0.041666666666666664 0.011458333333333333
2 0.5523148148148148 0.2559895833333333 0.04722222222222222 0.0171875
2 0.5407407407407407 0.8010416666666667 0.05555555555555555 0.015625
2 0.4629629629629629 0.5169270833333334 0.05925925925925926 0.013020833333333334
3 0.14074074074074072 0.9125 0.08333333333333333 0.030208333333333334
2 0.7135185185185186 0.6273541666666667 0.03012037037037037 0.011255208333333332
3 0.7868333333333333 0.412921875 0.029833333333333333 0.009541666666666667
0 0.484074074074074 0.3349010416666667 0.013712962962962963 0.007286458333333333
