2 0.6419270833333333 0.6402777777777777 0.008854166666666666 0.03796296296296296
2 0.47291666666666665 0.7430555555555556 0.008333333333333333 0.028703703703703703
2 0.5942708333333333 0.7379629629629629 0.005208333333333333 0.025925925925925925
2 0.5783854166666667 0.7523148148148149 0.0067708333333333336 0.026851851851851852
2 0.6395572916666667 0.6605277777777778 0.009432291666666667 0.04190740740740741
2 0.5049583333333334 0.7228333333333334 0.007859375 0.028287037037037038
2 0.3065104166666667 0.7388888888888889 0.008854166666666666 0.02962962962962963
2 0.3799479166666667 0.7101851851851853 0.0067708333333333336 0.03333333333333333
2 0.4515625 0.5476851851851852 0.009375 0.04351851851851852
2 0.29036458333333337 0.6490740740740741 0.009895833333333333 0.040740740740740744
2 0.4549479166666667 0.6523148148148148 0.009895833333333333 0.03611111111111111
1 0.09687500000000004 0.6699074074074074 0.008333333333333333 0.03611111111111111
2 0.0981770833333333 0.575462962962963 0.011979166666666667 0.04351851851851852
1 0.91640625 0.6365740740740741 0.013020833333333334 0.03981481481481482
2 0.6489583333333333 0.5518518518518518 0.009375 0.044444444444444446
2 0.3690104166666667 0.6699074074074074 0.013020833333333334 0.03796296296296296
3 0.5341510416666667 0.6554907407407408 0.008854166666666666 0.03888888888888889
2 0.5713541666666666 0.5884259259259259 0.009375 0.04537037037037037
2 0.67421875 0.37175925925925923 0.019270833333333334 0.058333333333333334
2 0.23333333333333328 0.4097222222222222 0.014583333333333334 0.062037037037037036
0 0.317171875 0.7270833333333333 0.00428125 0.007703703703703704
3 0.6116197916666666 0.7722407407407408 0.0066927083333333335 0.02760185185185185
2 0.4996197916666667 0.7043333333333334 0.010723958333333334 0.03144444444444445
2 0.6414375 0.6821203703703704 0.008484374999999999 0.030611111111111113
2 0.39289062499999994 0.7705092592592593 0.005838541666666667 0.02476851851851852
