2 0.5283854166666666 0.6319444444444444 0.009895833333333333 0.03796296296296296
2 0.5364583333333333 0.7273148148148147 0.00625 0.030555555555555555
1 0.9674479166666666 0.6365740740740741 0.015104166666666667 0.04351851851851852
2 0.6471354166666667 0.7125 0.008854166666666666 0.03425925925925926
2 0.6888020833333333 0.637962962962963 0.008854166666666666 0.04259259259259259
2 0.7270833333333333 0.5328703703703703 0.011458333333333333 0.04537037037037037
2 0.5966145833333334 0.3695555555555555 0.022395833333333334 0.052083333333333336
2 0.46510416666666665 0.674074074074074 0.008333333333333333 0.040740740740740744
2 0.34791666666666665 0.6375 0.009375 0.04537037037037037
2 0.2221354166666667 0.5092592592592593 0.013020833333333334 0.05555555555555555
2 0.28593749999999996 0.32832407407407416 0.017708333333333333 0.06742592592592592
2 0.320734375 0.4852592592592593 0.014385416666666668 0.0515462962962963
2 0.61171875 0.7263888888888889 0.0078125 0.03425925925925926
2 0.69765625 0.638425925925926 0.0109375 0.04351851851851852
2 0.3963541666666667 0.4898148148148148 0.014583333333333334 0.05
3 0.5713541666666666 0.5935185185185186 0.009375 0.044444444444444446
2 0.6940104166666667 0.5050925925925926 0.0109375 0.04722222222222222
2 0.2588541666666667 0.6986111111111111 0.008333333333333333 0.03796296296296296
2 0.21276041666666667 0.2944444444444444 0.0171875 0.06851851851851852
2 0.14244791666666667 0.5291666666666667 0.018229166666666668 0.05277777777777778
0 0.21977604166666664 0.271787037037037 0.0067552083333333336 0.01423148148148148
2 0.4455416666666667 0.7700462962962963 0.00859375 0.034379629629629635
3 0.6390208333333334 0.7853148148148148 0.008052083333333333 0.03239814814814815
2 0.6116145833333333 0.38275000000000003 0.016114583333333335 0.057824074074074076
