2 0.6 0.6935185185185185 0.010416666666666666 0.03888888888888889
1 0.8513020833333333 0.674074074074074 0.009895833333333333 0.03888888888888889
2 0.5920677083333333 0.4889444444444444 0.018932291666666667 0.05787962962962963
2 0.19687500000000002 0.6587962962962963 0.009375 0.03611111111111111
2 0.7625 0.5569444444444445 0.008333333333333333 0.049074074074074076
2 0.3143229166666667 0.700462962962963 0.0078125 0.032407407407407406
2 0.18776041666666665 0.6476851851851853 0.0078125 0.041666666666666664
2 0.2979166666666667 0.5930555555555556 0.014583333333333334 0.04351851851851852
2 0.6669270833333334 0.6805555555555556 0.0078125 0.03888888888888889
2 0.22239583333333335 0.4046296296296297 0.013541666666666667 0.06111111111111111
3 0.5046875 0.55 0.017708333333333333 0.04259259259259259
2 0.3494791666666667 0.5449074074074074 0.010416666666666666 0.05462962962962963
2 0.35 0.6837962962962962 0.009375 0.03796296296296296
2 0.5591145833333333 0.4893518518518518 0.0109375 0.049074074074074076
2 0.6028645833333333 0.6152777777777778 0.008854166666666666 0.04537037037037037
2 0.71171875 0.5925925925925926 0.009895833333333333 0.04814814814814815
2 0.6549479166666667 0.38842592592592595 0.0140625 0.06388888888888888
2 0.5158854166666667 0.5087962962962963 0.015104166666666667 0.049074074074074076
2 0.18281250000000004 0.5342592592592592 0.014583333333333334 0.053703703703703705
2 0.6989583333333333 0.4027777777777778 0.030208333333333334 0.053703703703703705
2 0.77734375 0.525462962962963 0.011979166666666667 0.05648148148148148
3 0.07284374999999998 0.1504629629629629 0.028125 0.08796296296296297
3 0.572828125 0.7944259259259259 0.008583333333333333 0.03138888888888889
2 0.5959375 0.5007222222222222 0.021791666666666668 0.04961111111111111
0 0.5640625 0.45671296296296293 0.00459375 0.010333333333333333
