1 0.6305555555555555 0.11901041666666666 0.03888888888888889 0.009895833333333333
2 0.2923888888888888 0.46034895833333334 0.06893518518518518 0.024088541666666668
2 0.6689814814814814 0.6708333333333333 0.03425925925925926 0.007291666666666667
2 0.4548888888888889 0.5124895833333334 0.047629629629629626 0.018734375
2 0.5736111111111111 0.41953125 0.041666666666666664 0.013020833333333334
2 0.5194444444444444 0.42734375 0.046296296296296294 0.013020833333333334
2 0.6574074074074074 0.3690104166666667 0.03518518518518519 0.0109375
2 0.700462962962963 0.5083333333333333 0.030555555555555555 0.00625
2 0.5023148148148149 0.19270833333333334 0.04722222222222222 0.009375
2 0.4023148148148148 0.18463541666666666 0.049074074074074076 0.019270833333333334
2 0.5458333333333334 0.6622395833333333 0.049074074074074076 0.011979166666666667
3 0.5633518518518519 0.5416197916666667 0.041666666666666664 0.008333333333333333
2 0.6472222222222221 0.734375 0.037037037037037035 0.009375
2 0.6037037037037036 0.5947916666666667 0.040740740740740744 0.010416666666666666
2 0.6226851851851851 0.35703125 0.03796296296296296 0.0078125
2 0.5828703703703704 0.7229166666666667 0.041666666666666664 0.014583333333333334
2 0.5314814814814814 0.6736979166666667 0.037037037037037035 0.013020833333333334
2 0.5069444444444444 0.596875 0.03425925925925926 0.015625
2 0.38703703703703707 0.26614583333333336 0.05555555555555555 0.017708333333333333
2 0.5560185185185185 0.7731770833333333 0.041666666666666664 0.018229166666666668
2 0.3763888888888889 0.5213541666666667 0.058333333333333334 0.025
3 0.1592592592592592 0.8666666666666667 0.08148148148148149 0.026041666666666668
2 0.5305462962962963 0.112578125 0.04696296296296296 0.013484375
3 0.7474166666666666 0.35542708333333334 0.02862962962962963 0.007625000000000001
