2 0.6703703703703704 0.5713541666666667 0.02962962962962963 0.009375
2 0.622824074074074 0.32408333333333333 0.043240740740740746 0.011208333333333332
2 0.5088055555555555 0.17271875 0.050898148148148144 0.016020833333333335
2 0.6597222222222222 0.6630208333333333 0.03611111111111111 0.010416666666666666
2 0.599537037037037 0.4861979166666667 0.03611111111111111 0.019270833333333334
1 0.6009259259259259 0.025 0.04259259259259259 0.011458333333333333
2 0.6856111111111112 0.41251041666666666 0.036175925925925924 0.008307291666666666
2 0.5777777777777777 0.59609375 0.046296296296296294 0.009895833333333333
2 0.36157407407407405 0.26197916666666665 0.05462962962962963 0.011458333333333333
2 0.5705092592592592 0.461859375 0.03917592592592593 0.01065625
2 0.4625 0.44427083333333334 0.05277777777777778 0.011458333333333333
2 0.4986111111111111 0.20572916666666666 0.05092592592592592 0.009375
2 0.6125 0.31354166666666666 0.03611111111111111 0.0125
2 0.5798611111111112 0.7207552083333333 0.0430462962962963 0.008484374999999999
3 0.5541666666666667 0.48385416666666664 0.049074074074074076 0.010416666666666666
2 0.3555555555555555 0.6848958333333334 0.06666666666666667 0.01875
2 0.38749999999999996 0.32109375 0.05462962962962963 0.013020833333333334
2 0.5333333333333333 0.6802083333333333 0.046296296296296294 0.0125
2 0.5032407407407408 0.51015625 0.05092592592592592 0.0171875
2 0.4282407407407407 0.70625 0.06018518518518518 0.017708333333333333
3 0.20925925925925926 0.9015625 0.07222222222222222 0.022916666666666665
3 0.7355833333333334 0.31645833333333334 0.028370370370370372 0.008421875
0 0.6102962962962963 0.4799166666666667 0.007037037037037037 0.0040416666666666665
2 0.5831574074074074 0.4585989583333333 0.035787037037037034 0.008880208333333334
2 0.5932870370370371 0.7192708333333333 0.041277777777777774 0.008734374999999999
1 0.5973148148148149 0.9969479166666667 0.04178703703703704 0.006104166666666667
