2 0.6143518518518518 0.6861979166666666 0.041666666666666664 0.008854166666666666
2 0.6791666666666667 0.6809895833333334 0.04351851851851852 0.0067708333333333336
2 0.6657407407407407 0.5942708333333333 0.044444444444444446 0.0125
2 0.6490740740740741 0.6401041666666667 0.040740740740740744 0.008333333333333333
2 0.662037037037037 0.7252604166666666 0.04259259259259259 0.008854166666666666
3 0.7309166666666667 0.021354166666666667 0.041666666666666664 0.010416666666666666
2 0.7032407407407407 0.27109375 0.041666666666666664 0.008854166666666666
2 0.65 0.7114583333333333 0.04814814814814815 0.011458333333333333
2 0.6083333333333334 0.74375 0.05 0.010416666666666666
2 0.6365740740740741 0.65234375 0.04722222222222222 0.009895833333333333
2 0.6814814814814815 0.5236979166666667 0.03888888888888889 0.011979166666666667
2 0.5532407407407407 0.39036458333333335 0.058333333333333334 0.009895833333333333
3 0.6249074074074075 0.5927083333333333 0.05185185185185185 0.010416666666666666
2 0.6782407407407407 0.25494791666666666 0.04351851851851852 0.0078125
2 0.6444444444444444 0.49765625 0.046296296296296294 0.009895833333333333
2 0.587037037037037 0.6807291666666667 0.053703703703703705 0.014583333333333334
2 0.6180555555555556 0.17916666666666667 0.049074074074074076 0.011458333333333333
2 0.5486111111111112 0.3802083333333333 0.06018518518518518 0.011458333333333333
2 0.6175925925925926 0.45807291666666666 0.05 0.009895833333333333
1 0.703851851851852 0.7311093750000001 0.04678703703703704 0.012072916666666666
0 0.7018888888888889 0.5631302083333334 0.01012037037037037 0.005572916666666666
2 0.6713888888888889 0.5829062500000001 0.04115740740740741 0.015723958333333333
2 0.7026203703703704 0.6071093750000001 0.03950925925925926 0.011677083333333334
2 0.6995833333333333 0.6162604166666666 0.035583333333333335 0.013463541666666667
