2 0.5317864583333334 0.647287037037037 0.014546874999999999 0.03690740740740741
2 0.5416666666666667 0.7069444444444444 0.008333333333333333 0.03425925925925926
2 0.45442708333333337 0.7185185185185186 0.0067708333333333336 0.02962962962962963
2 0.6536458333333333 0.6902777777777778 0.007291666666666667 0.03796296296296296
2 0.6307291666666667 0.6268518518518518 0.009375 0.03333333333333333
2 0.7252604166666667 0.6078703703703704 0.0140625 0.04537037037037037
2 0.4234375 0.6842592592592592 0.008333333333333333 0.040740740740740744
2 0.4057291666666667 0.6435185185185186 0.011458333333333333 0.03888888888888889
2 0.5289375 0.5720092592592592 0.010869791666666666 0.04587037037037037
2 0.6614583333333333 0.6930555555555555 0.008333333333333333 0.03981481481481482
2 0.5838541666666667 0.6615740740740741 0.009375 0.03611111111111111
2 0.29765624999999996 0.5828703703703704 0.008854166666666666 0.049074074074074076
3 0.4861979166666667 0.638824074074074 0.008854166666666666 0.04259259259259259
2 0.7419270833333333 0.5912037037037037 0.0109375 0.05092592592592592
2 0.7401041666666667 0.662962962962963 0.010416666666666666 0.03888888888888889
2 0.3364583333333333 0.6425925925925926 0.010416666666666666 0.044444444444444446
2 0.45182291666666663 0.6731481481481482 0.013020833333333334 0.03888888888888889
2 0.36067708333333337 0.6509259259259259 0.0078125 0.040740740740740744
2 0.72890625 0.524537037037037 0.0109375 0.05648148148148148
2 0.45338541666666665 0.6027777777777779 0.011979166666666667 0.04259259259259259
2 0.5760416666666667 0.4824074074074074 0.015625 0.05740740740740741
3 0.0942708333333333 0.2006944444444444 0.022916666666666665 0.08333333333333333
0 0.5158385416666667 0.6450462962962963 0.0066770833333333335 0.013574074074074073
3 0.7106510416666667 0.7572777777777778 0.010546875 0.03834259259259259
