2 0.25601851851851853 0.6411458333333333 0.026851851851851852 0.007291666666666667
2 0.2652777777777778 0.65390625 0.028703703703703703 0.0078125
2 0.319712962962963 0.5518229166666666 0.03573148148148148 0.0067708333333333336
2 0.4734629629629629 0.5465208333333333 0.045064814814814814 0.010744791666666666
2 0.31574074074074077 0.7059895833333334 0.03333333333333333 0.0067708333333333336
2 0.39166666666666666 0.7239583333333333 0.04259259259259259 0.008333333333333333
2 0.36113888888888884 0.5479739583333334 0.03708333333333333 0.009494791666666667
1 0.32175925925925924 0.1880208333333333 0.03796296296296296 0.009375
2 0.2865740740740741 0.6713541666666667 0.030555555555555555 0.008333333333333333
2 0.37592592592592594 0.19817708333333328 0.03888888888888889 0.008854166666666666
2 0.30324074074074076 0.4080729166666667 0.03611111111111111 0.0078125
2 0.3527777777777778 0.7169270833333333 0.037037037037037035 0.008854166666666666
2 0.2657407407407407 0.34843749999999996 0.03148148148148148 0.007291666666666667
2 0.46805555555555556 0.71875 0.04351851851851852 0.009375
2 0.41388888888888886 0.6572916666666666 0.044444444444444446 0.008333333333333333
1 0.3888888888888889 0.9776041666666667 0.04259259259259259 0.014583333333333334
2 0.3347222222222222 0.4432291666666667 0.03425925925925926 0.008333333333333333
2 0.6092592592592593 0.16432291666666665 0.06111111111111111 0.016145833333333335
3 0.36574074074074076 0.6075520833333333 0.040740740740740744 0.0078125
2 0.6324074074074074 0.6973958333333333 0.05925925925925926 0.015625
2 0.37037037037037035 0.36875 0.040740740740740744 0.007291666666666667
0 0.3912222222222222 0.2075520833333333 0.009833333333333333 0.0050104166666666665
2 0.23419444444444446 0.49716666666666665 0.027685185185185184 0.0066770833333333335
2 0.26087962962962963 0.5598385416666667 0.03270370370370371 0.007145833333333334
3 0.23806481481481484 0.6831927083333333 0.02885185185185185 0.007828125
