2 0.6574074074074074 0.47682291666666665 0.04259259259259259 0.008854166666666666
1 0.6606481481481481 0.7565104166666666 0.03796296296296296 0.011979166666666667
2 0.6643518518518519 0.48151041666666666 0.03981481481481482 0.008854166666666666
3 0.7018518518518518 0.10494791666666667 0.03518518518518519 0.0109375
2 0.6143518518518518 0.12473958333333333 0.04351851851851852 0.008854166666666666
2 0.5541666666666667 0.3885416666666667 0.041666666666666664 0.013541666666666667
2 0.4916666666666667 0.16067708333333333 0.05555555555555555 0.0109375
3 0.6021851851851852 0.42149479166666665 0.043787037037037034 0.009093750000000001
2 0.612037037037037 0.5302083333333333 0.03888888888888889 0.016666666666666666
2 0.6458333333333333 0.28411458333333334 0.03611111111111111 0.0078125
2 0.5888888888888889 0.58984375 0.04259259259259259 0.016145833333333335
2 0.5962962962962963 0.15 0.044444444444444446 0.011458333333333333
2 0.650462962962963 0.24453125 0.03981481481481482 0.0078125
2 0.5972222222222222 0.28489583333333335 0.03888888888888889 0.009375
2 0.6337962962962963 0.5416666666666666 0.041666666666666664 0.0125
2 0.5347222222222222 0.57265625 0.04722222222222222 0.0078125
2 0.525 0.659375 0.044444444444444446 0.010416666666666666
2 0.5319444444444444 0.4739583333333333 0.03981481481481482 0.008333333333333333
2 0.5833333333333333 0.48880208333333336 0.04259259259259259 0.011979166666666667
2 0.4810185185185185 0.18697916666666667 0.049074074074074076 0.010416666666666666
2 0.3856481481481482 0.75625 0.062037037037037036 0.013541666666666667
2 0.4819444444444444 0.3807291666666667 0.058333333333333334 0.010416666666666666
3 0.3208333333333333 0.88203125 0.075 0.0171875
0 0.53375 0.39051041666666664 0.009148148148148148 0.005364583333333334
2 0.6014351851851851 0.41713541666666665 0.04210185185185185 0.011296875000000001
