2 0.6411458333333333 0.7439814814814815 0.007291666666666667 0.026851851851851852
2 0.65390625 0.7347222222222223 0.0078125 0.028703703703703703
2 0.5518229166666666 0.6802870370370371 0.0067708333333333336 0.03573148148148148
2 0.5465208333333333 0.526537037037037 0.010744791666666666 0.045064814814814814
2 0.7059895833333334 0.6842592592592592 0.0067708333333333336 0.03333333333333333
2 0.7239583333333333 0.6083333333333334 0.008333333333333333 0.04259259259259259
2 0.5479739583333334 0.6388611111111111 0.009494791666666667 0.03708333333333333
1 0.1880208333333333 0.6782407407407407 0.009375 0.03796296296296296
2 0.6713541666666667 0.7134259259259259 0.008333333333333333 0.030555555555555555
2 0.19817708333333328 0.624074074074074 0.008854166666666666 0.03888888888888889
2 0.4080729166666667 0.6967592592592593 0.0078125 0.03611111111111111
2 0.7169270833333333 0.6472222222222221 0.008854166666666666 0.037037037037037035
2 0.34843749999999996 0.7342592592592593 0.007291666666666667 0.03148148148148148
2 0.71875 0.5319444444444444 0.009375 0.04351851851851852
2 0.6572916666666666 0.5861111111111111 0.008333333333333333 0.044444444444444446
1 0.9776041666666667 0.6111111111111112 0.014583333333333334 0.04259259259259259
2 0.4432291666666667 0.6652777777777779 0.008333333333333333 0.03425925925925926
2 0.16432291666666665 0.3907407407407407 0.016145833333333335 0.06111111111111111
3 0.6075520833333333 0.6342592592592593 0.0078125 0.040740740740740744
2 0.6973958333333333 0.3675925925925926 0.015625 0.05925925925925926
2 0.36875 0.6296296296296297 0.007291666666666667 0.040740740740740744
0 0.2075520833333333 0.6087777777777779 0.0050104166666666665 0.009833333333333333
2 0.49716666666666665 0.7658055555555555 0.0066770833333333335 0.027685185185185184
2 0.5598385416666667 0.7391203703703704 0.007145833333333334 0.03270370370370371
3 0.6831927083333333 0.7619351851851852 0.007828125 0.02885185185185185
