2 0.35271296296296295 0.5317864583333334 0.03690740740740741 0.014546874999999999
2 0.29305555555555557 0.5416666666666667 0.03425925925925926 0.008333333333333333
2 0.2814814814814815 0.45442708333333337 0.02962962962962963 0.0067708333333333336
2 0.30972222222222223 0.6536458333333333 0.03796296296296296 0.007291666666666667
2 0.3731481481481482 0.6307291666666667 0.03333333333333333 0.009375
2 0.3921296296296296 0.7252604166666667 0.04537037037037037 0.0140625
2 0.31574074074074077 0.4234375 0.040740740740740744 0.008333333333333333
2 0.35648148148148145 0.4057291666666667 0.03888888888888889 0.011458333333333333
2 0.4279907407407408 0.5289375 0.04587037037037037 0.010869791666666666
2 0.30694444444444446 0.6614583333333333 0.03981481481481482 0.008333333333333333
2 0.3384259259259259 0.5838541666666667 0.03611111111111111 0.009375
2 0.41712962962962963 0.29765624999999996 0.049074074074074076 0.008854166666666666
3 0.3611759259259259 0.4861979166666667 0.04259259259259259 0.008854166666666666
2 0.40879629629629627 0.7419270833333333 0.05092592592592592 0.0109375
2 0.337037037037037 0.7401041666666667 0.03888888888888889 0.010416666666666666
2 0.3574074074074074 0.3364583333333333 0.044444444444444446 0.010416666666666666
2 0.32685185185185184 0.45182291666666663 0.03888888888888889 0.013020833333333334
2 0.3490740740740741 0.36067708333333337 0.040740740740740744 0.0078125
2 0.475462962962963 0.72890625 0.05648148148148148 0.0109375
2 0.3972222222222222 0.45338541666666665 0.04259259259259259 0.011979166666666667
2 0.5175925925925926 0.5760416666666667 0.05740740740740741 0.015625
3 0.7993055555555556 0.0942708333333333 0.08333333333333333 0.022916666666666665
0 0.3549537037037037 0.5158385416666667 0.013574074074074073 0.0066770833333333335
3 0.2427222222222222 0.7106510416666667 0.03834259259259259 0.010546875
