2 0.3197916666666667 0.6625 0.011458333333333333 0.03981481481481482
2 0.5778645833333333 0.7050925925925926 0.009895833333333333 0.03796296296296296
2 0.34791666666666665 0.6101851851851852 0.014583333333333334 0.05185185185185185
2 0.3455729166666667 0.6902777777777778 0.0109375 0.03611111111111111
2 0.3065104166666667 0.6333333333333333 0.0171875 0.05185185185185185
0 0.7395833333333333 0.4199074074074074 0.007291666666666667 0.012037037037037037
2 0.18463541666666672 0.5875 0.015104166666666667 0.058333333333333334
2 0.5197916666666667 0.6777777777777778 0.013541666666666667 0.044444444444444446
2 0.46875 0.6615740740740741 0.007291666666666667 0.04722222222222222
3 0.4239583333333333 0.6101851851851852 0.009375 0.05185185185185185
2 0.19322916666666667 0.5587962962962962 0.011458333333333333 0.05648148148148148
2 0.1567708333333333 0.5013888888888889 0.021875 0.058333333333333334
2 0.3393229166666667 0.5277777777777778 0.011979166666666667 0.05925925925925926
2 0.3890625 0.7407407407407407 0.007291666666666667 0.03518518518518519
2 0.68046875 0.6537037037037037 0.0109375 0.05
2 0.48177083333333337 0.5240740740740741 0.014583333333333334 0.06851851851851852
2 0.5333333333333333 0.5115740740740741 0.016666666666666666 0.062037037037037036
1 0.026822916666666696 0.6578703703703703 0.019270833333333334 0.049074074074074076
2 0.8307291666666666 0.47916666666666663 0.01875 0.06759259259259259
2 0.46015625000000004 0.4462962962962963 0.0140625 0.07962962962962963
2 0.22239583333333335 0.5342592592592592 0.009375 0.06296296296296296
2 0.5705729166666667 0.3740740740740741 0.019270833333333334 0.08333333333333333
3 0.6961458333333334 0.7461666666666666 0.008906250000000001 0.03618518518518518
