2 0.16190624999999992 0.5908888888888889 0.018598958333333335 0.06450925925925927
1 0.9953125 0.6662037037037036 0.009375 0.05462962962962963
2 0.57265625 0.7162037037037037 0.0140625 0.03796296296296296
2 0.1908854166666667 0.5731481481481482 0.019270833333333334 0.06481481481481481
3 0.3973958333333333 0.6222222222222222 0.020833333333333332 0.05925925925925926
2 0.5895833333333333 0.6773148148148148 0.0125 0.05277777777777778
2 0.18125000000000002 0.5578703703703703 0.020833333333333332 0.06574074074074074
2 0.6122395833333334 0.65 0.0171875 0.05555555555555555
2 0.6078125 0.6171296296296296 0.013541666666666667 0.06018518518518518
2 0.38307291666666665 0.6819444444444445 0.0109375 0.05462962962962963
2 0.3041666666666667 0.7074074074074075 0.009375 0.05
2 0.43766145833333325 0.5937870370370371 0.015942708333333333 0.062425925925925926
2 0.17985416666666665 0.6583333333333333 0.014244791666666668 0.053703703703703705
2 0.44140625 0.6555555555555556 0.015104166666666667 0.05555555555555555
2 0.8130208333333333 0.6212962962962962 0.0125 0.06111111111111111
2 0.16718750000000004 0.6458333333333333 0.013541666666666667 0.058333333333333334
2 0.45729166666666665 0.5976851851851852 0.01875 0.06388888888888888
2 0.5848958333333334 0.6222222222222222 0.019791666666666666 0.053703703703703705
2 0.7703125 0.5671296296296297 0.025 0.062037037037037036
2 0.4552083333333333 0.46018518518518514 0.023958333333333335 0.07777777777777778
2 0.27864583333333337 0.4898148148148148 0.026041666666666668 0.07222222222222222
2 0.7127604166666667 0.6481481481481481 0.018229166666666668 0.05185185185185185
0 0.5449635416666667 0.6990000000000001 0.005458333333333333 0.010722222222222222
3 0.6036875 0.777287037037037 0.011427083333333334 0.039185185185185184
