2 0.24722222222222223 0.41953125 0.03888888888888889 0.008854166666666666
2 0.33564814814814814 0.2869791666666667 0.05092592592592592 0.016666666666666666
2 0.2902777777777778 0.3432291666666667 0.04351851851851852 0.010416666666666666
2 0.28703703703703703 0.6484375 0.04259259259259259 0.010416666666666666
2 0.3592592592592593 0.6822916666666667 0.05 0.0125
3 0.3537037037037037 0.44010416666666663 0.053703703703703705 0.014583333333333334
2 0.30694444444444446 0.54609375 0.049074074074074076 0.0109375
2 0.3662037037037037 0.2640625 0.05648148148148148 0.015625
2 0.3490740740740741 0.29947916666666663 0.05555555555555555 0.015625
2 0.3509259259259259 0.4234375 0.05185185185185185 0.010416666666666666
2 0.3143518518518518 0.5075520833333333 0.04722222222222222 0.0171875
2 0.3685185185185185 0.39921874999999996 0.05555555555555555 0.015104166666666667
2 0.4546296296296296 0.3348958333333333 0.05185185185185185 0.029166666666666667
2 0.5236111111111111 0.24739583333333337 0.06944444444444445 0.014583333333333334
2 0.47962962962962963 0.203125 0.07037037037037037 0.016666666666666666
2 0.42083333333333334 0.66953125 0.062037037037037036 0.0140625
2 0.5509259259259259 0.4765625 0.06666666666666667 0.022916666666666665
2 0.33287037037037037 0.778125 0.05462962962962963 0.014583333333333334
2 0.5421296296296296 0.16953125000000002 0.07314814814814814 0.0203125
2 0.600925925925926 0.55859375 0.08518518518518518 0.0234375
2 0.5152777777777777 0.86640625 0.075 0.018229166666666668
3 0.23806481481481484 0.7214166666666666 0.03891666666666667 0.010911458333333334
0 0.6068518518518519 0.5705260416666667 0.01748148148148148 0.009286458333333332
