2 0.478125 0.6953703703703704 0.008333333333333333 0.044444444444444446
2 0.39817708333333335 0.7157407407407408 0.0078125 0.03888888888888889
2 0.42734375 0.737037037037037 0.0078125 0.037037037037037035
2 0.5502604166666667 0.6935185185185185 0.009895833333333333 0.046296296296296294
0 0.5989583333333333 0.3453703703703703 0.010416666666666666 0.014814814814814815
2 0.6861979166666667 0.7300925925925925 0.008854166666666666 0.03611111111111111
2 0.4888020833333333 0.6638888888888889 0.008854166666666666 0.04814814814814815
2 0.31276041666666665 0.6435185185185186 0.0140625 0.053703703703703705
3 0.4341145833333333 0.6569444444444444 0.009895833333333333 0.049074074074074076
2 0.2416666666666667 0.5453703703703704 0.014583333333333334 0.05185185185185185
2 0.36302083333333335 0.5365740740740741 0.013541666666666667 0.04722222222222222
2 0.34244791666666663 0.6615740740740741 0.016145833333333335 0.05092592592592592
2 0.68671875 0.6092592592592593 0.011979166666666667 0.05925925925925926
1 0.061270833333333385 0.6717592592592593 0.0140625 0.05092592592592592
2 0.20598958333333328 0.475462962962963 0.019270833333333334 0.058333333333333334
2 0.5455729166666667 0.5027777777777778 0.013020833333333334 0.06666666666666667
2 0.41874999999999996 0.5652777777777778 0.021875 0.05648148148148148
2 0.6067708333333333 0.6018518518518519 0.019791666666666666 0.05925925925925926
2 0.27369791666666665 0.44074074074074077 0.0171875 0.06851851851851852
2 0.7786458333333334 0.6462962962962964 0.011458333333333333 0.053703703703703705
2 0.8328125 0.49351851851851847 0.017708333333333333 0.07037037037037037
3 0.045442708333333304 0.3296296296296296 0.030729166666666665 0.09444444444444444
2 0.5127604166666666 0.33472222222222225 0.03697916666666667 0.0824074074074074
3 0.7313541666666667 0.76075 0.008744791666666666 0.04125925925925926
2 0.37455208333333334 0.6875 0.012807291666666666 0.0441574074074074
