2 0.736574074074074 0.33203125 0.03425925925925926 0.009895833333333333
2 0.7296296296296296 0.5596354166666667 0.03518518518518519 0.009895833333333333
2 0.6870370370370371 0.5520833333333334 0.040740740740740744 0.008333333333333333
2 0.7166666666666667 0.5065104166666666 0.04259259259259259 0.008854166666666666
2 0.6310185185185185 0.5203125 0.041666666666666664 0.010416666666666666
2 0.6699074074074074 0.30390625 0.03981481481481482 0.009895833333333333
2 0.7157407407407408 0.4236979166666667 0.04259259259259259 0.008854166666666666
2 0.6930555555555555 0.4940104166666667 0.04722222222222222 0.011979166666666667
2 0.7453703703703703 0.565625 0.03518518518518519 0.007291666666666667
2 0.7125 0.603125 0.03981481481481482 0.008333333333333333
2 0.6125 0.38125 0.04537037037037037 0.011458333333333333
2 0.6449074074074075 0.35885416666666664 0.05092592592592592 0.008333333333333333
1 0.6781388888888888 0.9255208333333333 0.049074074074074076 0.013541666666666667
2 0.6828703703703703 0.6385416666666667 0.04537037037037037 0.011458333333333333
2 0.6754629629629629 0.6841145833333333 0.05092592592592592 0.0109375
2 0.5837962962962964 0.53671875 0.06018518518518518 0.008854166666666666
2 0.6666666666666667 0.2557291666666667 0.05 0.013541666666666667
2 0.6129629629629629 0.64140625 0.05740740740740741 0.013020833333333334
2 0.5231481481481481 0.7302083333333333 0.06481481481481481 0.015625
2 0.5462962962962963 0.18151041666666667 0.06666666666666667 0.013020833333333334
2 0.3828703703703704 0.8747395833333333 0.09166666666666666 0.016145833333333335
3 0.31574074074074077 0.9046875 0.0962962962962963 0.022916666666666665
2 0.39768518518518514 0.39869791666666665 0.08796296296296297 0.021354166666666667
0 0.6450370370370371 0.2608958333333333 0.009157407407407408 0.004354166666666667
3 0.7582685185185185 0.281328125 0.03791666666666667 0.008906250000000001
