2 0.7152777777777778 0.4466145833333333 0.03611111111111111 0.0109375
2 0.6548240740740741 0.5671875 0.04961111111111111 0.010416666666666666
2 0.7152777777777778 0.5880208333333333 0.03981481481481482 0.009375
2 0.7013888888888888 0.6049479166666667 0.041666666666666664 0.008854166666666666
2 0.6675925925925925 0.6455729166666667 0.046296296296296294 0.008854166666666666
2 0.6037037037037036 0.7223958333333333 0.06666666666666667 0.0125
2 0.6087962962962963 0.5239583333333333 0.05092592592592592 0.010416666666666666
2 0.6467592592592593 0.9947916666666666 0.05648148148148148 0.010416666666666666
2 0.6736111111111112 0.5166666666666667 0.04722222222222222 0.009375
2 0.6564814814814814 0.31484375 0.046296296296296294 0.011979166666666667
2 0.6731481481481482 0.5552083333333333 0.05 0.009375
2 0.5662037037037038 0.42526041666666664 0.06388888888888888 0.015104166666666667
2 0.5944444444444444 0.7265625 0.05925925925925926 0.013541666666666667
2 0.6458333333333333 0.6841145833333333 0.05462962962962963 0.015104166666666667
2 0.6078703703703704 0.45078125 0.058333333333333334 0.013020833333333334
2 0.4027777777777778 0.5072916666666667 0.09074074074074075 0.01875
2 0.5013888888888889 0.21119791666666668 0.075 0.022395833333333334
2 0.5717592592592593 0.63671875 0.06388888888888888 0.0140625
2 0.5365740740740741 0.5875 0.06388888888888888 0.013541666666666667
2 0.30694444444444446 0.8638020833333333 0.09537037037037037 0.022395833333333334
2 0.5013888888888889 0.79453125 0.06944444444444445 0.0140625
3 0.6434629629629629 0.5676875 0.0527962962962963 0.0103125
0 0.66075 0.3804739583333333 0.00999074074074074 0.005630208333333333
3 0.7304074074074074 0.2837135416666667 0.03887037037037037 0.012572916666666666
