2 0.6939814814814815 0.4981770833333333 0.04537037037037037 0.0140625
2 0.5708333333333333 0.19817708333333334 0.06018518518518518 0.015104166666666667
3 0.7754351851851852 0.25157291666666665 0.0434537037037037 0.012484374999999999
2 0.6226851851851851 0.1984375 0.049074074074074076 0.014583333333333334
2 0.6736111111111112 0.50859375 0.04722222222222222 0.013020833333333334
0 0.575462962962963 0.621875 0.012037037037037037 0.00625
2 0.7467592592592592 0.35208333333333336 0.03796296296296296 0.013541666666666667
2 0.7509259259259259 0.65078125 0.046296296296296294 0.008854166666666666
2 0.763425925925926 0.45416666666666666 0.03981481481481482 0.014583333333333334
2 0.7092592592592593 0.5294270833333333 0.05185185185185185 0.0109375
2 0.7476851851851851 0.6231770833333333 0.04537037037037037 0.009895833333333333
3 0.6611111111111111 0.45286458333333335 0.053703703703703705 0.0140625
2 0.7037037037037037 0.24244791666666668 0.05185185185185185 0.0140625
2 0.6958333333333333 0.346875 0.05462962962962963 0.0125
2 0.6643518518518519 0.3619791666666667 0.04722222222222222 0.013541666666666667
2 0.7300925925925925 0.6622395833333333 0.049074074074074076 0.011979166666666667
2 0.6810185185185185 0.728125 0.06018518518518518 0.013541666666666667
2 0.6819444444444445 0.30859375 0.05462962962962963 0.015104166666666667
2 0.6671296296296296 0.5966145833333333 0.05277777777777778 0.0140625
2 0.6564814814814814 0.4171875 0.05555555555555555 0.017708333333333333
2 0.5606481481481482 0.6997395833333333 0.06944444444444445 0.022395833333333334
2 0.475 0.22317708333333333 0.07222222222222222 0.019270833333333334
2 0.7021388888888889 0.43922916666666667 0.052472222222222226 0.014765625000000001
