2 0.7018518518518518 0.78515625 0.04259259259259259 0.009895833333333333
3 0.7425925925925926 0.38307291666666665 0.037037037037037035 0.0078125
2 0.6662037037037036 0.7877604166666666 0.04537037037037037 0.009895833333333333
1 0.6444444444444444 0.15026041666666667 0.04814814814814815 0.0109375
2 0.7097222222222221 0.365625 0.03611111111111111 0.010416666666666666
2 0.6837962962962962 0.74609375 0.041666666666666664 0.009895833333333333
2 0.6893518518518518 0.5424479166666667 0.04351851851851852 0.008854166666666666
2 0.674074074074074 0.365625 0.046296296296296294 0.008333333333333333
2 0.6671296296296296 0.5580729166666667 0.04722222222222222 0.011979166666666667
2 0.7240740740740741 0.5041666666666667 0.037037037037037035 0.007291666666666667
2 0.7050925925925926 0.51796875 0.041666666666666664 0.009895833333333333
2 0.5865740740740741 0.6494791666666667 0.05277777777777778 0.009375
2 0.5893518518518519 0.8489583333333334 0.058333333333333334 0.0125
2 0.6212962962962962 0.8390625 0.05925925925925926 0.0125
3 0.6310185185185185 0.61953125 0.05092592592592592 0.0109375
2 0.6171296296296296 0.8260416666666667 0.06018518518518518 0.014583333333333334
2 0.6222222222222222 0.6971354166666667 0.05555555555555555 0.011979166666666667
2 0.5625 0.13411458333333334 0.06574074074074074 0.0109375
2 0.6407407407407407 0.43385416666666665 0.05185185185185185 0.010416666666666666
2 0.437037037037037 0.86953125 0.07962962962962963 0.0265625
2 0.5916666666666667 0.4671875 0.05925925925925926 0.010416666666666666
2 0.18240740740740746 0.9122395833333333 0.11481481481481481 0.021354166666666667
3 0.12824074074074077 0.9692708333333333 0.1287037037037037 0.027083333333333334
2 0.39583333333333337 0.3854166666666667 0.08796296296296297 0.019791666666666666
0 0.6078981481481481 0.14890625 0.011731481481481482 0.006427083333333333
