2 0.812625 0.44126851851851856 0.022359375 0.07531481481481482
2 0.5617916666666667 0.44187037037037036 0.021500000000000002 0.08087037037037037
2 0.78884375 0.5417314814814815 0.022697916666666665 0.064
2 0.8086041666666667 0.5052962962962964 0.022651041666666667 0.06646296296296296
2 0.5776822916666666 0.5518425925925926 0.018078125 0.06882407407407408
2 0.04893229166666668 0.6693703703703704 0.0135625 0.052833333333333336
2 0.5917239583333334 0.6641111111111111 0.01240625 0.0489537037037037
2 0.13298437499999993 0.6206296296296296 0.015546875 0.05670370370370371
2 0.04636979166666666 0.5653611111111111 0.020119791666666668 0.06937962962962964
2 0.1025625 0.7143611111111111 0.010567708333333333 0.046648148148148154
2 0.31634895833333343 0.5631759259259259 0.027177083333333334 0.06911111111111111
3 0.5313229166666666 0.5932777777777778 0.018515624999999997 0.06568518518518518
2 0.6372552083333334 0.6023333333333334 0.022875 0.05248148148148148
2 0.6191979166666667 0.6885925925925926 0.010541666666666666 0.054296296296296294
2 0.534203125 0.7247685185185185 0.011427083333333334 0.04299074074074074
2 0.5123854166666666 0.7265833333333334 0.018072916666666668 0.04591666666666667
1 0.8469166666666667 0.6860833333333334 0.015614583333333333 0.047185185185185184
2 0.2986354166666667 0.6834722222222223 0.013369791666666667 0.04921296296296296
2 0.6727552083333334 0.6635833333333334 0.014484374999999999 0.05156481481481481
2 0.20299999999999996 0.6913055555555556 0.01659375 0.0510462962962963
2 0.6335677083333333 0.6689166666666666 0.014671875000000001 0.05047222222222222
3 0.48277083333333326 0.7907407407407407 0.009083333333333334 0.03579629629629629
2 0.64790625 0.5971759259259259 0.016520833333333332 0.05578703703703704
0 0.8073333333333333 0.4163055555555556 0.0069479166666666665 0.01312962962962963
