2 0.38769791666666675 0.5864351851851852 0.012624999999999999 0.043083333333333335
2 0.44895833333333335 0.5703703703703704 0.015625 0.044444444444444446
2 0.43814062500000006 0.5935092592592592 0.015859375 0.040768518518518516
2 0.44609374999999996 0.6118148148148148 0.0109375 0.04117592592592593
1 0.848703125 0.5430648148148148 0.010947916666666667 0.0564537037037037
2 0.6281875 0.5300648148148148 0.018880208333333332 0.052833333333333336
2 0.5018229166666667 0.5925925925925926 0.0109375 0.046296296296296294
3 0.12190625 0.029629629629629672 0.021942708333333335 0.05925925925925926
2 0.37760416666666663 0.5893518518518519 0.011458333333333333 0.049074074074074076
2 0.186546875 0.5078055555555555 0.021979166666666668 0.05290740740740741
2 0.5346354166666667 0.5259259259259259 0.013020833333333334 0.04814814814814815
2 0.4369791666666667 0.4013888888888889 0.016666666666666666 0.06388888888888888
2 0.22630208333333335 0.4115740740740741 0.013020833333333334 0.06944444444444445
2 0.7145833333333333 0.4268518518518518 0.011458333333333333 0.05925925925925926
2 0.6619791666666667 0.49351851851851847 0.011458333333333333 0.05555555555555555
2 0.09505208333333337 0.461574074074074 0.013020833333333334 0.06388888888888888
2 0.6859375 0.4837962962962963 0.011458333333333333 0.06018518518518518
2 0.7260416666666667 0.3912037037037037 0.0125 0.062037037037037036
3 0.44947916666666665 0.5041666666666667 0.015625 0.05462962962962963
2 0.5533854166666667 0.5143518518518518 0.013020833333333334 0.05277777777777778
2 0.30494791666666665 0.5208333333333333 0.022395833333333334 0.049074074074074076
2 0.3302083333333333 0.4745370370370371 0.0125 0.058333333333333334
2 0.2598958333333333 0.3587962962962963 0.017708333333333333 0.07314814814814814
0 0.36835416666666665 0.5435000000000001 0.005140624999999999 0.009518518518518518
3 0.46388020833333343 0.6529259259259259 0.010557291666666666 0.040231481481481486
