2 0.4930555555555556 0.24817708333333333 0.04722222222222222 0.0109375
2 0.34305555555555556 0.3611979166666667 0.03796296296296296 0.015104166666666667
2 0.362962962962963 0.475 0.03518518518518519 0.017708333333333333
3 0.4777777777777778 0.4599270833333333 0.053703703703703705 0.020765625
2 0.4101851851851852 0.56484375 0.044444444444444446 0.015104166666666667
2 0.4101851851851852 0.16276041666666663 0.04814814814814815 0.016145833333333335
2 0.5199074074074074 0.23567708333333337 0.058333333333333334 0.022395833333333334
2 0.40879629629629627 0.50703125 0.041666666666666664 0.018229166666666668
2 0.4671296296296296 0.1294270833333333 0.04537037037037037 0.018229166666666668
2 0.4634259259259259 0.39765625000000004 0.049074074074074076 0.011979166666666667
2 0.4736111111111111 0.5635416666666666 0.049074074074074076 0.01875
2 0.46805555555555556 0.22057291666666667 0.058333333333333334 0.016145833333333335
2 0.5842592592592593 0.61640625 0.06296296296296296 0.016145833333333335
2 0.5842592592592593 0.4291666666666667 0.06666666666666667 0.016666666666666666
2 0.7175925925925926 0.3270833333333333 0.07777777777777778 0.016666666666666666
2 0.6226851851851852 0.6684895833333333 0.06944444444444445 0.021354166666666667
2 0.44074074074074077 0.78984375 0.053703703703703705 0.0140625
2 0.6782407407407407 0.1674479166666667 0.0712962962962963 0.0203125
2 0.4898148148148148 0.6919270833333333 0.05555555555555555 0.0234375
2 0.5449074074074074 0.8286458333333333 0.062037037037037036 0.019791666666666666
2 0.7296296296296296 0.76640625 0.07407407407407407 0.025520833333333333
0 0.37575925925925924 0.5054322916666667 0.009305555555555556 0.004385416666666667
3 0.33675 0.7031770833333333 0.03943518518518519 0.014171875
