3 0.5023148148148149 0.5057291666666667 0.04722222222222222 0.013541666666666667
2 0.5912037037037037 0.3884270833333333 0.041666666666666664 0.0116875
2 0.5787037037037037 0.7744791666666667 0.044444444444444446 0.017708333333333333
2 0.6208333333333333 0.7205729166666667 0.03611111111111111 0.0140625
2 0.4745370370370371 0.4901041666666667 0.058333333333333334 0.017708333333333333
2 0.5587962962962962 0.5380208333333333 0.04537037037037037 0.015625
2 0.43472222222222223 0.475 0.058333333333333334 0.013541666666666667
2 0.44698148148148154 0.33946875 0.06160185185185185 0.022104166666666664
2 0.5578703703703703 0.6690104166666667 0.04537037037037037 0.011979166666666667
2 0.5203703703703704 0.43020833333333336 0.05185185185185185 0.01875
2 0.36851851851851847 0.76484375 0.05925925925925926 0.022395833333333334
2 0.5268518518518519 0.6940104166666666 0.05 0.0109375
2 0.3125 0.7640625 0.075 0.030208333333333334
2 0.5268518518518519 0.7825520833333334 0.053703703703703705 0.0140625
2 0.46851851851851856 0.8973958333333333 0.06111111111111111 0.0125
2 0.45879629629629626 0.37604166666666666 0.05648148148148148 0.014583333333333334
2 0.4666666666666667 0.2078125 0.05925925925925926 0.013541666666666667
2 0.48611111111111116 0.8658854166666666 0.05555555555555555 0.016145833333333335
2 0.5046296296296297 0.08671875 0.05185185185185185 0.0171875
2 0.5444444444444445 0.24661458333333333 0.05185185185185185 0.018229166666666668
2 0.46111111111111114 0.5645833333333333 0.05740740740740741 0.019791666666666666
0 0.6201481481481481 0.6269947916666666 0.01112037037037037 0.005796875000000001
3 0.6532222222222223 0.30021875 0.0342962962962963 0.00728125
