3 0.4942708333333333 0.5023148148148149 0.013541666666666667 0.04722222222222222
2 0.6115729166666667 0.5912037037037037 0.0116875 0.041666666666666664
2 0.22552083333333328 0.5787037037037037 0.017708333333333333 0.044444444444444446
2 0.2794270833333333 0.6208333333333333 0.0140625 0.03611111111111111
2 0.5098958333333333 0.4745370370370371 0.017708333333333333 0.058333333333333334
2 0.4619791666666667 0.5587962962962962 0.015625 0.04537037037037037
2 0.525 0.43472222222222223 0.013541666666666667 0.058333333333333334
2 0.66053125 0.44698148148148154 0.022104166666666664 0.06160185185185185
2 0.3309895833333333 0.5578703703703703 0.011979166666666667 0.04537037037037037
2 0.5697916666666667 0.5203703703703704 0.01875 0.05185185185185185
2 0.23515624999999996 0.36851851851851847 0.022395833333333334 0.05925925925925926
2 0.30598958333333337 0.5268518518518519 0.0109375 0.05
2 0.23593750000000002 0.3125 0.030208333333333334 0.075
2 0.21744791666666663 0.5268518518518519 0.0140625 0.053703703703703705
2 0.10260416666666672 0.46851851851851856 0.0125 0.06111111111111111
2 0.6239583333333334 0.45879629629629626 0.014583333333333334 0.05648148148148148
2 0.7921875 0.4666666666666667 0.013541666666666667 0.05925925925925926
2 0.13411458333333337 0.48611111111111116 0.016145833333333335 0.05555555555555555
2 0.91328125 0.5046296296296297 0.0171875 0.05185185185185185
2 0.7533854166666667 0.5444444444444445 0.018229166666666668 0.05185185185185185
2 0.4354166666666667 0.46111111111111114 0.019791666666666666 0.05740740740740741
0 0.3730052083333334 0.6201481481481481 0.005796875000000001 0.01112037037037037
3 0.69978125 0.6532222222222223 0.00728125 0.0342962962962963
