2 0.5773148148148148 0.6880208333333333 0.028703703703703703 0.010416666666666666
2 0.5583333333333333 0.47630208333333335 0.037037037037037035 0.009895833333333333
3 0.48796296296296293 0.5372395833333333 0.04259259259259259 0.0109375
2 0.5166666666666666 0.6721354166666667 0.03518518518518519 0.008854166666666666
2 0.5560185185185185 0.4078125 0.03425925925925926 0.007291666666666667
2 0.4740740740740741 0.8309895833333333 0.046296296296296294 0.016145833333333335
2 0.549074074074074 0.6158854166666666 0.03518518518518519 0.008854166666666666
2 0.5046296296296297 0.7643229166666666 0.040740740740740744 0.0109375
2 0.5157407407407407 0.35598958333333336 0.040740740740740744 0.0109375
2 0.5231481481481481 0.5643229166666667 0.037037037037037035 0.0067708333333333336
2 0.4527777777777777 0.15338541666666666 0.04814814814814815 0.009895833333333333
2 0.47638888888888886 0.39765625 0.03981481481481482 0.0109375
2 0.5115740740740741 0.2520833333333333 0.03981481481481482 0.010416666666666666
2 0.4527777777777777 0.315625 0.05 0.009375
2 0.49537037037037035 0.7138020833333333 0.03888888888888889 0.0109375
2 0.375 0.290625 0.05185185185185185 0.009375
2 0.42314814814814816 0.7260416666666667 0.046296296296296294 0.008333333333333333
1 0.48750000000000004 0.9653645833333333 0.04722222222222222 0.0109375
2 0.43148148148148147 0.8440104166666667 0.05 0.0140625
2 0.40601851851851856 0.43463541666666666 0.05092592592592592 0.011979166666666667
2 0.374537037037037 0.49921875 0.05092592592592592 0.011979166666666667
2 0.2587962962962963 0.27421875 0.06388888888888888 0.0140625
3 0.5948888888888889 0.37445833333333334 0.034916666666666665 0.008484374999999999
0 0.45724074074074084 0.8246354166666666 0.010953703703703703 0.005411458333333333
