2 0.2973958333333333 0.5462962962962963 0.009375 0.05
2 0.2973958333333333 0.5962962962962963 0.014583333333333334 0.05185185185185185
1 0.2455729166666667 0.5851851851851853 0.0140625 0.05
2 0.31614583333333335 0.6027777777777779 0.014583333333333334 0.05185185185185185
0 0.24531250000000004 0.3592592592592593 0.007291666666666667 0.011111111111111112
2 0.290625 0.5305555555555556 0.0125 0.05925925925925926
2 0.4307291666666667 0.5342592592592592 0.0125 0.05185185185185185
2 0.10468750000000004 0.46851851851851856 0.014583333333333334 0.05185185185185185
2 0.3364583333333333 0.5574074074074074 0.011458333333333333 0.05185185185185185
2 0.19505208333333335 0.4810185185185185 0.011979166666666667 0.058333333333333334
2 0.2583333333333333 0.42500000000000004 0.015625 0.05740740740740741
2 0.2143229166666667 0.5351851851851852 0.011979166666666667 0.05555555555555555
2 0.4041666666666667 0.5648148148148149 0.013541666666666667 0.05
2 0.42109375000000004 0.5861111111111111 0.011979166666666667 0.05
2 0.1294270833333333 0.4745370370370371 0.0140625 0.05648148148148148
3 0.5015625 0.5217592592592593 0.011458333333333333 0.05648148148148148
2 0.42265624999999996 0.48888888888888893 0.0140625 0.05185185185185185
2 0.6338541666666666 0.5652777777777778 0.014583333333333334 0.05277777777777778
2 0.265625 0.38796296296296295 0.025 0.05555555555555555
2 0.3247395833333333 0.3731481481481481 0.0203125 0.06111111111111111
2 0.85234375 0.4898148148148148 0.015104166666666667 0.05555555555555555
2 0.8122395833333333 0.39537037037037037 0.0171875 0.06296296296296296
2 0.7643229166666666 0.41388888888888886 0.015104166666666667 0.05925925925925926
