2 0.6106481481481482 0.6895833333333333 0.032407407407407406 0.008333333333333333
2 0.5472222222222223 0.67265625 0.046296296296296294 0.008854166666666666
1 0.5762777777777778 0.7931614583333333 0.05277777777777778 0.014583333333333334
2 0.44305555555555554 0.5549479166666667 0.058333333333333334 0.022395833333333334
2 0.3921296296296296 0.55859375 0.05277777777777778 0.0234375
2 0.5833333333333333 0.6947916666666667 0.05185185185185185 0.0125
2 0.39008333333333334 0.7375885416666667 0.0661388888888889 0.015796875
2 0.5305555555555556 0.49947916666666664 0.05555555555555555 0.014583333333333334
2 0.5439814814814814 0.6546875 0.049074074074074076 0.014583333333333334
2 0.5791666666666666 0.5864583333333333 0.04722222222222222 0.014583333333333334
2 0.3768518518518519 0.59296875 0.06851851851851852 0.015104166666666667
2 0.3819444444444444 0.8177083333333334 0.06574074074074074 0.01875
2 0.4966111111111111 0.6768229166666667 0.0628888888888889 0.015104166666666667
2 0.2657407407407407 0.29713541666666665 0.07037037037037037 0.0265625
3 0.4745370370370371 0.5057291666666667 0.062037037037037036 0.015625
2 0.350462962962963 0.5783854166666667 0.07685185185185185 0.0171875
2 0.3912037037037037 0.7580729166666667 0.062037037037037036 0.015104166666666667
2 0.49675925925925923 0.8375 0.062037037037037036 0.013541666666666667
2 0.2930555555555555 0.2830729166666667 0.07314814814814814 0.0203125
2 0.5300925925925926 0.2911458333333333 0.06018518518518518 0.014583333333333334
2 0.36388888888888893 0.4791666666666667 0.07592592592592592 0.017708333333333333
2 0.38935185185185184 0.13255208333333332 0.07314814814814814 0.0265625
0 0.37442592592592594 0.5641822916666667 0.010944444444444444 0.005854166666666666
3 0.6662314814814815 0.02077604166666667 0.04204629629629629 0.013057291666666667
