2 0.40703124999999996 0.5861111111111111 0.011979166666666667 0.046296296296296294
2 0.52875 0.4082592592592592 0.014369791666666666 0.07577777777777778
0 0.42317708333333337 0.3421296296296297 0.009895833333333333 0.012037037037037037
2 0.41484374999999996 0.5532407407407407 0.0203125 0.05277777777777778
2 0.49531250000000004 0.637962962962963 0.010416666666666666 0.05
2 0.6315104166666667 0.6435185185185186 0.015104166666666667 0.053703703703703705
2 0.29374999999999996 0.4009259259259259 0.016666666666666666 0.06481481481481481
2 0.4619791666666667 0.5935185185185186 0.015625 0.05185185185185185
2 0.5747395833333333 0.6486111111111111 0.009895833333333333 0.049074074074074076
2 0.39817708333333335 0.5555555555555556 0.015104166666666667 0.05740740740740741
1 0.11406249999999996 0.5578703703703703 0.013541666666666667 0.06018518518518518
2 0.3643229166666667 0.5305555555555556 0.0140625 0.07592592592592592
2 0.49453125 0.5703703703703704 0.009895833333333333 0.05740740740740741
3 0.5369791666666667 0.5458333333333334 0.0125 0.058333333333333334
2 0.4432291666666667 0.4916666666666667 0.016666666666666666 0.06666666666666667
2 0.5921875 0.4717592592592592 0.014583333333333334 0.06388888888888888
2 0.8984375 0.5805555555555555 0.013541666666666667 0.05925925925925926
2 0.3065104166666667 0.499537037037037 0.025520833333333333 0.06388888888888888
2 0.5143229166666667 0.39537037037037037 0.021354166666666667 0.06481481481481481
2 0.9190104166666666 0.4703703703703703 0.0171875 0.06666666666666667
2 0.7671875 0.4726851851851852 0.016666666666666666 0.06574074074074074
2 0.52028125 0.41813888888888895 0.019057291666666667 0.06926851851851852
