2 0.5462962962962963 0.7026041666666667 0.05 0.009375
2 0.5962962962962963 0.7026041666666667 0.05185185185185185 0.014583333333333334
1 0.5851851851851853 0.7544270833333333 0.05 0.0140625
2 0.6027777777777779 0.6838541666666667 0.05185185185185185 0.014583333333333334
0 0.3592592592592593 0.7546875 0.011111111111111112 0.007291666666666667
2 0.5305555555555556 0.709375 0.05925925925925926 0.0125
2 0.5342592592592592 0.5692708333333333 0.05185185185185185 0.0125
2 0.46851851851851856 0.8953125 0.05185185185185185 0.014583333333333334
2 0.5574074074074074 0.6635416666666667 0.05185185185185185 0.011458333333333333
2 0.4810185185185185 0.8049479166666667 0.058333333333333334 0.011979166666666667
2 0.42500000000000004 0.7416666666666667 0.05740740740740741 0.015625
2 0.5351851851851852 0.7856770833333333 0.05555555555555555 0.011979166666666667
2 0.5648148148148149 0.5958333333333333 0.05 0.013541666666666667
2 0.5861111111111111 0.57890625 0.05 0.011979166666666667
2 0.4745370370370371 0.8705729166666667 0.05648148148148148 0.0140625
3 0.5217592592592593 0.4984375 0.05648148148148148 0.011458333333333333
2 0.48888888888888893 0.57734375 0.05185185185185185 0.0140625
2 0.5652777777777778 0.36614583333333334 0.05277777777777778 0.014583333333333334
2 0.38796296296296295 0.734375 0.05555555555555555 0.025
2 0.3731481481481481 0.6752604166666667 0.06111111111111111 0.0203125
2 0.4898148148148148 0.14765625 0.05555555555555555 0.015104166666666667
2 0.39537037037037037 0.18776041666666668 0.06296296296296296 0.0171875
2 0.41388888888888886 0.23567708333333334 0.05925925925925926 0.015104166666666667
