0 0.14479166666666665 0.4550925925925926 0.005208333333333333 0.010185185185185186
2 0.11562499999999998 0.45092592592592595 0.015625 0.03148148148148148
2 0.11744791666666665 0.4185185185185185 0.016145833333333335 0.053703703703703705
1 0.13567708333333328 0.6125 0.013020833333333334 0.04722222222222222
3 0.014833333333333365 0.3323518518518519 0.023416666666666665 0.07048148148148149
2 0.11458333333333337 0.39583333333333337 0.0125 0.06018518518518518
2 0.41666666666666663 0.6282407407407408 0.0125 0.041666666666666664
2 0.6747395833333334 0.6231481481481482 0.009895833333333333 0.04259259259259259
2 0.34505208333333337 0.6083333333333334 0.009895833333333333 0.04814814814814815
2 0.37135416666666665 0.5606481481481482 0.010416666666666666 0.04722222222222222
2 0.5528645833333333 0.5652777777777778 0.009895833333333333 0.049074074074074076
2 0.26249999999999996 0.45925925925925926 0.009375 0.05925925925925926
2 0.19401041666666663 0.3912037037037037 0.015104166666666667 0.06388888888888888
3 0.43880208333333337 0.5125 0.015104166666666667 0.05277777777777778
2 0.4559895833333333 0.4541666666666667 0.0109375 0.06018518518518518
2 0.32005208333333335 0.41435185185185186 0.0140625 0.06759259259259259
2 0.1635416666666667 0.3949074074074074 0.013541666666666667 0.062037037037037036
2 0.27109375 0.5601851851851851 0.016145833333333335 0.05
2 0.6083333333333334 0.3574074074074074 0.015625 0.07407407407407407
2 0.35520833333333335 0.3194444444444444 0.015625 0.07592592592592592
2 0.33515625000000004 0.399537037037037 0.0140625 0.06388888888888888
2 0.71875 0.3324074074074074 0.020833333333333332 0.07407407407407407
2 0.53515625 0.42407407407407405 0.011979166666666667 0.06111111111111111
2 0.8299479166666667 0.4731481481481481 0.0171875 0.06111111111111111
3 0.8139895833333334 0.7005092592592592 0.008234375 0.03743518518518518
