2 0.6421875 0.561574074074074 0.011458333333333333 0.03981481481481482
3 0.5349375000000001 0.5125 0.01883333333333333 0.049074074074074076
3 0.5581302083333333 0.6383518518518518 0.009338541666666667 0.03440740740740741
2 0.4419270833333333 0.5717592592592593 0.009895833333333333 0.03425925925925926
2 0.1691666666666667 0.48669444444444443 0.024916666666666667 0.04747222222222223
2 0.5723958333333333 0.5532407407407407 0.009375 0.04351851851851852
2 0.6255208333333333 0.5819444444444444 0.009375 0.04351851851851852
2 0.64921875 0.5342592592592592 0.016145833333333335 0.05185185185185185
2 0.21640625000000002 0.5800925925925926 0.0109375 0.05648148148148148
2 0.6755208333333333 0.5430555555555556 0.013541666666666667 0.05277777777777778
2 0.8111979166666666 0.55 0.0109375 0.046296296296296294
2 0.10703125000000002 0.5319444444444444 0.0140625 0.04722222222222222
2 0.47291666666666665 0.5717592592592593 0.014583333333333334 0.03425925925925926
2 0.64453125 0.4921296296296296 0.013020833333333334 0.05092592592592592
2 0.22734374999999996 0.5717592592592593 0.018229166666666668 0.04351851851851852
2 0.7645833333333334 0.499537037037037 0.0125 0.04722222222222222
2 0.5208333333333333 0.4898148148148148 0.019791666666666666 0.046296296296296294
2 0.7859375 0.48564814814814816 0.0125 0.05648148148148148
2 0.46119791666666665 0.40648148148148144 0.016145833333333335 0.05740740740740741
2 0.26588541666666665 0.38703703703703707 0.022395833333333334 0.05555555555555555
0 0.4354479166666666 0.5507407407407408 0.005380208333333333 0.009879629629629629
1 0.8608802083333333 0.5276666666666667 0.019057291666666667 0.056861111111111105
2 0.1674427083333333 0.5000833333333334 0.017171875 0.049185185185185186
