2 0.3783854166666667 0.4541666666666667 0.0171875 0.049074074074074076
2 0.38203125000000004 0.4277777777777778 0.016145833333333335 0.06111111111111111
1 0.138625 0.5734722222222222 0.013713541666666666 0.055999999999999994
2 0.38125 0.6023148148148147 0.014583333333333334 0.05648148148148148
2 0.34609375 0.5527777777777778 0.008854166666666666 0.05185185185185185
2 0.40390625 0.44351851851851853 0.0234375 0.05925925925925926
2 0.3838541666666667 0.5157407407407407 0.0125 0.05740740740740741
2 0.31562500000000004 0.5629629629629629 0.0125 0.05740740740740741
2 0.5447916666666667 0.5166666666666666 0.011458333333333333 0.05555555555555555
2 0.4864583333333333 0.4550925925925926 0.010416666666666666 0.062037037037037036
3 0.5127604166666666 0.4805555555555555 0.013020833333333334 0.06111111111111111
2 0.33958333333333335 0.48564814814814816 0.016666666666666666 0.062037037037037036
2 0.23411458333333335 0.48703703703703705 0.0140625 0.06296296296296296
2 0.6950520833333333 0.5416666666666667 0.009895833333333333 0.05740740740740741
2 0.2635416666666667 0.43472222222222223 0.017708333333333333 0.06018518518518518
2 0.4393229166666667 0.575462962962963 0.013020833333333334 0.05092592592592592
2 0.909375 0.32453703703703707 0.019791666666666666 0.08611111111111111
2 0.9122395833333333 0.2865740740740741 0.022395833333333334 0.0787037037037037
2 0.8830729166666667 0.3921296296296296 0.0140625 0.07314814814814814
2 0.3416666666666667 0.39861111111111114 0.019791666666666666 0.06574074074074074
2 0.6361979166666667 0.3851851851851852 0.016145833333333335 0.07407407407407407
2 0.40208333333333335 0.37083333333333335 0.019791666666666666 0.0712962962962963
3 0.93090625 0.6688333333333334 0.014984375 0.044083333333333335
0 0.4103593750000001 0.41726851851851854 0.007119791666666667 0.013898148148148147
