2 0.5166666666666666 0.48151041666666666 0.03148148148148148 0.0109375
2 0.5032407407407408 0.5598958333333334 0.04722222222222222 0.009375
1 0.5731481481481482 0.8216145833333334 0.044444444444444446 0.0140625
2 0.47685185185185186 0.7716145833333333 0.053703703703703705 0.008854166666666666
2 0.537037037037037 0.6809895833333334 0.04814814814814815 0.008854166666666666
2 0.46759259259259256 0.6861979166666666 0.053703703703703705 0.008854166666666666
2 0.587962962962963 0.5872395833333334 0.04259259259259259 0.011979166666666667
2 0.48750000000000004 0.4783854166666667 0.05277777777777778 0.021354166666666667
2 0.44305555555555554 0.7640625 0.05092592592592592 0.0125
2 0.42407407407407405 0.69375 0.05925925925925926 0.011458333333333333
2 0.5731481481481482 0.5588541666666667 0.040740740740740744 0.0125
2 0.4388888888888889 0.7252604166666666 0.03518518518518519 0.013020833333333334
2 0.5662037037037038 0.35572916666666665 0.04351851851851852 0.011458333333333333
2 0.4805555555555555 0.5799479166666667 0.04814814814814815 0.0109375
2 0.4726851851851852 0.5692708333333333 0.05092592592592592 0.015625
3 0.49583333333333335 0.6022916666666667 0.05092592592592592 0.015104166666666667
3 0.2967592592592593 0.93671875 0.06574074074074074 0.0234375
2 0.48518518518518516 0.45677083333333335 0.05185185185185185 0.0125
2 0.35370370370370374 0.7229166666666667 0.06296296296296296 0.0125
2 0.42361111111111116 0.3796875 0.06759259259259259 0.015625
2 0.475925925925926 0.16067708333333333 0.05555555555555555 0.011979166666666667
2 0.4185185185185185 0.33697916666666666 0.05740740740740741 0.014583333333333334
2 0.374537037037037 0.5098958333333333 0.06018518518518518 0.020833333333333332
3 0.6516388888888889 0.147125 0.03443518518518518 0.008546875
0 0.4698611111111112 0.5516979166666667 0.012675925925925926 0.006578125000000001
