0 0.4574074074074074 0.4348958333333333 0.011111111111111112 0.005208333333333333
3 0.6782407407407407 0.40963541666666664 0.032407407407407406 0.0078125
2 0.512962962962963 0.7802083333333333 0.05555555555555555 0.025
2 0.5337962962962963 0.6674479166666667 0.028703703703703703 0.0171875
2 0.5097222222222222 0.4083333333333333 0.05462962962962963 0.0125
2 0.4805555555555555 0.4 0.05 0.016666666666666666
2 0.5555555555555556 0.7841145833333333 0.046296296296296294 0.016145833333333335
2 0.5675925925925926 0.40182291666666664 0.046296296296296294 0.0140625
2 0.625 0.37994791666666666 0.037037037037037035 0.0171875
2 0.5648148148148149 0.7239583333333334 0.04814814814814815 0.0125
2 0.6203703703703703 0.8596354166666667 0.044444444444444446 0.0109375
2 0.5731481481481482 0.5643229166666667 0.046296296296296294 0.013020833333333334
3 0.5462962962962963 0.61953125 0.046296296296296294 0.0140625
2 0.5119722222222222 0.23536458333333332 0.05382407407407408 0.024010416666666666
2 0.5282407407407408 0.95 0.05277777777777778 0.014583333333333334
1 0.5513888888888889 0.0109375 0.05092592592592592 0.0125
2 0.5888888888888889 0.3455729166666667 0.04814814814814815 0.009895833333333333
2 0.5027777777777778 0.9630208333333333 0.05740740740740741 0.021875
2 0.5828703703703704 0.8994791666666667 0.049074074074074076 0.0125
2 0.44166666666666665 0.6609375 0.053703703703703705 0.017708333333333333
2 0.5598981481481482 0.16104687499999998 0.05057407407407407 0.012286458333333333
2 0.43425925925925923 0.7325520833333333 0.05925925925925926 0.016145833333333335
2 0.525462962962963 0.2791666666666667 0.05462962962962963 0.010416666666666666
2 0.5236111111111111 0.47317708333333336 0.05462962962962963 0.016145833333333335
