1 0.5790185185185185 0.8666250000000001 0.06174074074074075 0.025416666666666664
2 0.5944444444444444 0.6338541666666667 0.04814814814814815 0.015625
2 0.5958333333333333 0.6479166666666667 0.05277777777777778 0.0125
2 0.5518518518518518 0.68671875 0.05925925925925926 0.0140625
2 0.5712962962962963 0.66953125 0.04814814814814815 0.0109375
3 0.49398148148148147 0.50390625 0.058333333333333334 0.015104166666666667
2 0.3564814814814815 0.5872395833333334 0.06481481481481481 0.021354166666666667
2 0.5120370370370371 0.6265625 0.05740740740740741 0.011458333333333333
2 0.3597222222222223 0.5463541666666667 0.06944444444444445 0.017708333333333333
2 0.5699074074074074 0.3109375 0.05277777777777778 0.0125
2 0.5226851851851853 0.5346354166666667 0.058333333333333334 0.0109375
2 0.4833333333333333 0.6622395833333333 0.06296296296296296 0.013020833333333334
2 0.3768518518518519 0.7364583333333333 0.06666666666666667 0.016666666666666666
2 0.4722222222222222 0.7473958333333334 0.05555555555555555 0.015625
2 0.4393518518518519 0.6018229166666667 0.062037037037037036 0.0140625
2 0.4277777777777778 0.1515625 0.06851851851851852 0.0125
2 0.41388888888888886 0.7 0.06481481481481481 0.019791666666666666
2 0.3583333333333333 0.35182291666666665 0.07777777777777778 0.011979166666666667
2 0.3828703703703704 0.16432291666666668 0.06574074074074074 0.013020833333333334
2 0.4458333333333333 0.49713541666666666 0.06574074074074074 0.018229166666666668
2 0.30833333333333335 0.6411458333333333 0.07777777777777778 0.016666666666666666
2 0.3282407407407407 0.046614583333333334 0.08611111111111111 0.0265625
0 0.33790740740740743 0.5522395833333333 0.011046296296296295 0.008317708333333333
3 0.672574074074074 0.085328125 0.044833333333333336 0.011854166666666667
