0 0.28935185185185186 0.8713541666666667 0.013888888888888888 0.007291666666666667
2 0.5412037037037036 0.7049479166666667 0.04722222222222222 0.008854166666666666
2 0.3495370370370371 0.840625 0.06574074074074074 0.015625
2 0.5611111111111111 0.640625 0.05740740740740741 0.009375
1 0.5837962962962964 0.7794270833333333 0.05277777777777778 0.011979166666666667
2 0.5361111111111111 0.5341145833333333 0.053703703703703705 0.013020833333333334
2 0.5699074074074074 0.6580729166666667 0.05648148148148148 0.013020833333333334
2 0.46805555555555556 0.6651041666666667 0.05648148148148148 0.014583333333333334
2 0.5939814814814814 0.6020833333333333 0.05092592592592592 0.010416666666666666
2 0.5398148148148147 0.6953125 0.05555555555555555 0.014583333333333334
2 0.5851851851851853 0.5393229166666667 0.05185185185185185 0.011979166666666667
2 0.6069444444444445 0.5466145833333333 0.049074074074074076 0.0109375
2 0.5402777777777779 0.6229166666666667 0.05462962962962963 0.0125
3 0.5375 0.5109375 0.05462962962962963 0.010416666666666666
2 0.32499999999999996 0.81875 0.046296296296296294 0.026041666666666668
2 0.44259259259259254 0.6200520833333333 0.06481481481481481 0.0171875
2 0.5722222222222222 0.37213541666666666 0.05185185185185185 0.009895833333333333
2 0.2958333333333333 0.8489583333333334 0.075 0.020833333333333332
2 0.34490740740740744 0.6513020833333333 0.06759259259259259 0.019270833333333334
2 0.36018518518518516 0.5309895833333333 0.07592592592592592 0.015104166666666667
2 0.45833333333333337 0.34609375 0.06111111111111111 0.015104166666666667
2 0.3458333333333333 0.1640625 0.0824074074074074 0.017708333333333333
2 0.5361111111111111 0.16822916666666668 0.05925925925925926 0.013541666666666667
