2 0.6750185185185185 0.788953125 0.042555555555555555 0.014364583333333332
2 0.5814814814814815 0.8502604166666666 0.05925925925925926 0.009895833333333333
2 0.688425925925926 0.7796875 0.04537037037037037 0.011458333333333333
2 0.7625 0.6674479166666667 0.03981481481481482 0.0109375
2 0.7731481481481481 0.6 0.046296296296296294 0.017708333333333333
2 0.7689814814814815 0.68515625 0.03796296296296296 0.0078125
1 0.662962962962963 0.9052083333333333 0.05925925925925926 0.009375
2 0.6342592592592593 0.85546875 0.053703703703703705 0.009895833333333333
2 0.7509259259259259 0.5442708333333334 0.04259259259259259 0.011458333333333333
2 0.7101851851851853 0.6984375 0.053703703703703705 0.008333333333333333
2 0.7587962962962963 0.4010416666666667 0.041666666666666664 0.014583333333333334
2 0.686574074074074 0.8145833333333333 0.05462962962962963 0.011458333333333333
3 0.7207037037037037 0.5799479166666667 0.05092592592592592 0.0109375
2 0.6226851851851851 0.76796875 0.06018518518518518 0.011979166666666667
2 0.6152777777777778 0.8869791666666667 0.06018518518518518 0.015625
2 0.6726851851851852 0.6828125 0.05648148148148148 0.016666666666666666
2 0.5462962962962963 0.5609375 0.06851851851851852 0.015625
2 0.6583333333333333 0.2716145833333333 0.06296296296296296 0.0109375
2 0.6523148148148148 0.24765625 0.06388888888888888 0.015104166666666667
2 0.6939814814814815 0.4901041666666667 0.05462962962962963 0.014583333333333334
2 0.6976851851851852 0.16119791666666666 0.058333333333333334 0.0109375
0 0.7327407407407407 0.5636302083333333 0.008842592592592593 0.0047708333333333335
2 0.7755833333333333 0.66484375 0.04961111111111111 0.010854166666666666
