1 0.3453703703703704 0.1205729166666667 0.04814814814814815 0.0140625
2 0.25262037037037033 0.4849427083333333 0.05407407407407407 0.009354166666666667
2 0.3339722222222222 0.16223958333333333 0.05128703703703704 0.015104166666666667
2 0.22175925925925927 0.42213541666666665 0.05462962962962963 0.0140625
2 0.22314814814814815 0.47772916666666665 0.04814814814814815 0.0125
2 0.2652777777777778 0.47890625 0.05277777777777778 0.013020833333333334
2 0.3768518518518518 0.11328125 0.05925925925925926 0.011979166666666667
2 0.23472222222222222 0.44791666666666663 0.05092592592592592 0.013541666666666667
2 0.3101851851851852 0.27734375 0.04814814814814815 0.0109375
2 0.31203703703703706 0.5940104166666667 0.06296296296296296 0.0109375
2 0.2300925925925926 0.6127604166666667 0.05092592592592592 0.009895833333333333
3 0.2759259259259259 0.5390625 0.05925925925925926 0.021875
2 0.3296296296296296 0.4078125 0.05185185185185185 0.010416666666666666
2 0.2814814814814815 0.4541666666666667 0.06111111111111111 0.0125
2 0.3800925925925926 0.15703124999999996 0.06574074074074074 0.015104166666666667
2 0.30324074074074076 0.29713541666666665 0.058333333333333334 0.013020833333333334
2 0.3990740740740741 0.20911458333333333 0.06296296296296296 0.011979166666666667
2 0.32314814814814813 0.2583333333333333 0.06666666666666667 0.015625
2 0.33935185185185185 0.7955729166666666 0.0712962962962963 0.013020833333333334
2 0.3541666666666667 0.8315104166666667 0.06944444444444445 0.021354166666666667
2 0.4708333333333333 0.5359375 0.07685185185185185 0.016666666666666666
2 0.29074074074074074 0.91484375 0.06666666666666667 0.018229166666666668
