2 0.17644444444444446 0.39255208333333336 0.034138888888888885 0.016354166666666666
3 0.9810185185185185 0.06640625 0.03796296296296296 0.0140625
2 0.23333333333333334 0.45963541666666663 0.037037037037037035 0.015104166666666667
3 0.16712962962962963 0.5153645833333333 0.030555555555555555 0.008854166666666666
2 0.2388888888888889 0.3041666666666667 0.03888888888888889 0.0125
2 0.23796296296296296 0.4502604166666667 0.044444444444444446 0.013020833333333334
2 0.21388888888888888 0.3588541666666667 0.040740740740740744 0.010416666666666666
1 0.33287037037037037 0.9684895833333333 0.058333333333333334 0.013020833333333334
2 0.27037037037037037 0.30703125 0.04814814814814815 0.016145833333333335
2 0.2763888888888889 0.4408854166666667 0.05092592592592592 0.0109375
2 0.2523148148148148 0.33463541666666663 0.04351851851851852 0.016145833333333335
2 0.28564814814814815 0.4721354166666667 0.05277777777777778 0.009895833333333333
2 0.274537037037037 0.5700520833333333 0.05092592592592592 0.0109375
2 0.33194444444444443 0.6057291666666667 0.062037037037037036 0.011458333333333333
2 0.3425925925925926 0.6390625 0.05925925925925926 0.011458333333333333
2 0.36203703703703705 0.44062500000000004 0.05925925925925926 0.0125
2 0.3087962962962963 0.23567708333333337 0.058333333333333334 0.011979166666666667
3 0.3597222222222222 0.4705729166666667 0.062037037037037036 0.011979166666666667
2 0.3972222222222222 0.65625 0.06666666666666667 0.013541666666666667
2 0.5143518518518518 0.47526041666666663 0.06944444444444445 0.016145833333333335
2 0.4300925925925926 0.5752604166666666 0.06388888888888888 0.013020833333333334
2 0.412962962962963 0.12213541666666672 0.06666666666666667 0.0171875
2 0.45185185185185184 0.7046875 0.06666666666666667 0.0125
2 0.6930555555555555 0.5580729166666667 0.09351851851851851 0.021354166666666667
0 0.2573888888888889 0.30865624999999997 0.009166666666666667 0.004864583333333334
