3 0.9328703703703703 0.44036458333333334 0.03425925925925926 0.009895833333333333
2 0.9087962962962963 0.5510416666666667 0.04351851851851852 0.011458333333333333
0 0.36111111111111116 0.8106770833333333 0.012962962962962963 0.0078125
2 0.8074074074074074 0.37057291666666664 0.053703703703703705 0.011979166666666667
2 0.7782407407407408 0.35859375 0.05462962962962963 0.0078125
2 0.6518518518518519 0.290625 0.07222222222222222 0.015625
2 0.6125 0.45598958333333334 0.0712962962962963 0.011979166666666667
2 0.6287037037037038 0.6565104166666667 0.07592592592592592 0.009895833333333333
2 0.7509259259259259 0.49505208333333334 0.06111111111111111 0.013020833333333334
2 0.5532407407407407 0.23932291666666666 0.0787037037037037 0.013020833333333334
2 0.8148148148148149 0.6033854166666667 0.05740740740740741 0.011979166666666667
2 0.6759259259259259 0.4200520833333333 0.06296296296296296 0.0171875
2 0.4527777777777777 0.46015625 0.09444444444444444 0.015104166666666667
3 0.5930555555555556 0.3984375 0.07685185185185185 0.015625
2 0.3944444444444445 0.44765625 0.08888888888888889 0.019270833333333334
2 0.6810185185185185 0.59453125 0.06944444444444445 0.03177083333333333
2 0.7236111111111111 0.90625 0.06759259259259259 0.015625
2 0.5930555555555556 0.2638020833333333 0.0787037037037037 0.0171875
2 0.3291666666666667 0.18828125 0.09907407407407408 0.021354166666666667
2 0.37916666666666665 0.20885416666666667 0.0824074074074074 0.021875
2 0.336574074074074 0.6716145833333333 0.09351851851851851 0.0296875
2 0.12314814814814812 0.4265625 0.10925925925925926 0.029166666666666667
2 0.3824074074074074 0.8260416666666667 0.09444444444444444 0.03854166666666667
