2 0.7820277777777778 0.320203125 0.052972222222222226 0.012953125000000001
0 0.6810185185185185 0.8059895833333334 0.010185185185185186 0.005729166666666666
3 0.9226851851851852 0.41302083333333334 0.04537037037037037 0.009375
2 0.6284722222222222 0.39663541666666663 0.07269444444444445 0.015140625
2 0.9106481481481481 0.5348958333333333 0.04537037037037037 0.010416666666666666
2 0.374537037037037 0.15520833333333334 0.09166666666666666 0.027083333333333334
2 0.7662037037037037 0.32057291666666665 0.06388888888888888 0.0109375
2 0.7578703703703704 0.47760416666666666 0.062037037037037036 0.010416666666666666
3 0.6123518518518518 0.39389583333333333 0.07285185185185186 0.013838541666666667
2 0.825 0.56953125 0.053703703703703705 0.009895833333333333
2 0.712962962962963 0.8190104166666666 0.06481481481481481 0.019270833333333334
2 0.6967592592592593 0.4359375 0.05648148148148148 0.016666666666666666
2 0.4175925925925926 0.15833333333333333 0.08333333333333333 0.027083333333333334
2 0.674074074074074 0.2713541666666667 0.06666666666666667 0.014583333333333334
2 0.7092592592592593 0.5401041666666667 0.06666666666666667 0.0125
2 0.6972222222222222 0.6552083333333333 0.06851851851851852 0.013541666666666667
2 0.6055555555555556 0.240625 0.07407407407407407 0.014583333333333334
2 0.537037037037037 0.3893229166666667 0.07592592592592592 0.0203125
2 0.5875 0.22864583333333333 0.07685185185185185 0.021875
2 0.4898148148148148 0.8359375 0.08888888888888889 0.022916666666666665
2 0.47685185185185186 0.64453125 0.08333333333333333 0.0234375
2 0.44259259259259254 0.38645833333333335 0.08518518518518518 0.022916666666666665
2 0.10046296296296298 0.3229166666666667 0.11203703703703703 0.030208333333333334
