2 0.39255208333333336 0.8235555555555556 0.016354166666666666 0.034138888888888885
3 0.06640625 0.018981481481481488 0.0140625 0.03796296296296296
2 0.45963541666666663 0.7666666666666666 0.015104166666666667 0.037037037037037035
3 0.5153645833333333 0.8328703703703704 0.008854166666666666 0.030555555555555555
2 0.3041666666666667 0.7611111111111111 0.0125 0.03888888888888889
2 0.4502604166666667 0.7620370370370371 0.013020833333333334 0.044444444444444446
2 0.3588541666666667 0.7861111111111111 0.010416666666666666 0.040740740740740744
1 0.9684895833333333 0.6671296296296296 0.013020833333333334 0.058333333333333334
2 0.30703125 0.7296296296296296 0.016145833333333335 0.04814814814814815
2 0.4408854166666667 0.7236111111111111 0.0109375 0.05092592592592592
2 0.33463541666666663 0.7476851851851851 0.016145833333333335 0.04351851851851852
2 0.4721354166666667 0.7143518518518519 0.009895833333333333 0.05277777777777778
2 0.5700520833333333 0.725462962962963 0.0109375 0.05092592592592592
2 0.6057291666666667 0.6680555555555556 0.011458333333333333 0.062037037037037036
2 0.6390625 0.6574074074074074 0.011458333333333333 0.05925925925925926
2 0.44062500000000004 0.637962962962963 0.0125 0.05925925925925926
2 0.23567708333333337 0.6912037037037038 0.011979166666666667 0.058333333333333334
3 0.4705729166666667 0.6402777777777777 0.011979166666666667 0.062037037037037036
2 0.65625 0.6027777777777779 0.013541666666666667 0.06666666666666667
2 0.47526041666666663 0.48564814814814816 0.016145833333333335 0.06944444444444445
2 0.5752604166666666 0.5699074074074074 0.013020833333333334 0.06388888888888888
2 0.12213541666666672 0.587037037037037 0.0171875 0.06666666666666667
2 0.7046875 0.5481481481481482 0.0125 0.06666666666666667
2 0.5580729166666667 0.30694444444444446 0.021354166666666667 0.09351851851851851
0 0.30865624999999997 0.7426111111111111 0.004864583333333334 0.009166666666666667
