2 0.38101851851851853 0.5385416666666667 0.03425925925925926 0.008333333333333333
0 0.5569444444444445 0.7450520833333334 0.010185185185185186 0.005729166666666666
2 0.3 0.4291666666666667 0.03333333333333333 0.007291666666666667
2 0.39861111111111114 0.5361979166666666 0.041666666666666664 0.009895833333333333
2 0.3351851851851852 0.5661458333333333 0.03518518518518519 0.007291666666666667
2 0.6027777777777777 0.4536458333333333 0.05185185185185185 0.016666666666666666
2 0.3541666666666667 0.4122395833333333 0.03796296296296296 0.0078125
2 0.37453703703703706 0.5052083333333333 0.04351851851851852 0.008333333333333333
2 0.4356481481481482 0.3963541666666667 0.04537037037037037 0.010416666666666666
2 0.40370370370370373 0.3794270833333333 0.04259259259259259 0.008854166666666666
2 0.5444444444444444 0.25807291666666665 0.04814814814814815 0.0109375
1 0.41388888888888886 0.07511979166666671 0.046296296296296294 0.0125
2 0.33564814814814814 0.44166666666666665 0.03796296296296296 0.008333333333333333
2 0.4476851851851852 0.33359375 0.04722222222222222 0.013020833333333334
2 0.3837962962962963 0.7752604166666667 0.041666666666666664 0.008854166666666666
2 0.41805555555555557 0.3549479166666667 0.04722222222222222 0.011979166666666667
2 0.4861111111111111 0.4744791666666667 0.05185185185185185 0.010416666666666666
2 0.46944444444444444 0.7747395833333334 0.04814814814814815 0.013020833333333334
2 0.47314814814814815 0.6638020833333333 0.05 0.009895833333333333
3 0.3976851851851852 0.5216145833333333 0.041666666666666664 0.013020833333333334
2 0.562962962962963 0.76328125 0.05740740740740741 0.015104166666666667
2 0.7305555555555555 0.17317708333333337 0.05925925925925926 0.019270833333333334
3 0.8578703703703704 0.047395833333333304 0.08425925925925926 0.029166666666666667
3 0.29183333333333333 0.7469375 0.03288888888888889 0.008624999999999999
2 0.28631481481481486 0.48777604166666666 0.03509259259259259 0.010229166666666668
