0 0.5997395833333333 0.6231481481481482 0.0046875 0.011111111111111112
3 0.8619583333333334 0.7136666666666667 0.008854166666666666 0.03896296296296296
2 0.33246875 0.6795092592592593 0.008854166666666666 0.03888888888888889
2 0.55546875 0.7018518518518518 0.0078125 0.02962962962962963
2 0.48807812500000003 0.7212962962962963 0.00684375 0.034499999999999996
2 0.45105729166666664 0.7080833333333334 0.010375 0.03938888888888889
2 0.5307291666666667 0.7282407407407407 0.00625 0.032407407407407406
2 0.41380208333333335 0.7078703703703704 0.0078125 0.03611111111111111
1 0.14270833333333333 0.6833333333333333 0.011458333333333333 0.040740740740740744
2 0.6515625 0.7226851851851852 0.007291666666666667 0.030555555555555555
2 0.6411458333333333 0.7208333333333333 0.008333333333333333 0.03425925925925926
2 0.6869791666666667 0.7055555555555555 0.009375 0.03518518518518519
3 0.5588541666666667 0.674537037037037 0.009375 0.04351851851851852
2 0.4197916666666667 0.7055555555555555 0.007291666666666667 0.03518518518518519
2 0.8604166666666666 0.6875 0.010416666666666666 0.04537037037037037
2 0.84375 0.6892685185185186 0.010416666666666666 0.0415
2 0.8799479166666666 0.6416666666666666 0.0109375 0.044444444444444446
2 0.5239583333333333 0.6958333333333333 0.008333333333333333 0.041666666666666664
2 0.87109375 0.6060185185185185 0.009895833333333333 0.049074074074074076
2 0.3506666666666667 0.675 0.011744791666666667 0.046296296296296294
2 0.5348958333333333 0.6736111111111112 0.010416666666666666 0.041666666666666664
2 0.7481770833333333 0.587962962962963 0.0234375 0.05185185185185185
2 0.33463541666666663 0.6555555555555556 0.0109375 0.04814814814814815
2 0.5605729166666666 0.653787037037037 0.013802083333333333 0.032546296296296295
