1 0.7870364583333334 0.6611111111111111 0.008333333333333333 0.037037037037037035
2 0.5674479166666666 0.6875 0.008854166666666666 0.03611111111111111
2 0.5619791666666667 0.6754629629629629 0.007291666666666667 0.028703703703703703
2 0.6541666666666667 0.6685185185185185 0.010416666666666666 0.03888888888888889
2 0.684375 0.6606481481481481 0.009375 0.03425925925925926
2 0.6484375 0.6412037037037037 0.010416666666666666 0.03796296296296296
2 0.5809895833333334 0.6370370370370371 0.0109375 0.03888888888888889
2 0.27213541666666663 0.6564814814814814 0.0078125 0.03888888888888889
2 0.6994791666666667 0.6587962962962963 0.008333333333333333 0.03796296296296296
2 0.7098958333333334 0.6226851851851851 0.009375 0.041666666666666664
2 0.7213541666666667 0.6319444444444444 0.008333333333333333 0.041666666666666664
2 0.4111979166666667 0.6462962962962964 0.0109375 0.044444444444444446
2 0.5033854166666667 0.6601851851851852 0.0078125 0.037037037037037035
3 0.5307291666666667 0.637962962962963 0.011458333333333333 0.040740740740740744
2 0.47109375 0.6337962962962963 0.008854166666666666 0.04351851851851852
2 0.10572916666666665 0.6180555555555556 0.007291666666666667 0.04537037037037037
2 0.14921874999999996 0.6347222222222222 0.013020833333333334 0.041666666666666664
2 0.10026041666666663 0.5518518518518518 0.016145833333333335 0.05925925925925926
2 0.1401041666666667 0.5356481481481481 0.010416666666666666 0.06018518518518518
2 0.13541666666666663 0.5101851851851852 0.015625 0.06481481481481481
2 0.6329947916666667 0.6826574074074074 0.011328125 0.025287037037037035
2 0.6232656249999999 0.6862870370370371 0.011895833333333333 0.031574074074074074
0 0.6172760416666667 0.673212962962963 0.0032604166666666667 0.00687037037037037
3 0.5621770833333333 0.727638888888889 0.007 0.027712962962962964
