2 0.8841145833333334 0.014814814814814836 0.0171875 0.027777777777777776
2 0.4877604166666667 0.612037037037037 0.0109375 0.03518518518518519
2 0.5729427083333334 0.6296759259259259 0.008333333333333333 0.034999999999999996
2 0.4119791666666667 0.5893518518518519 0.013541666666666667 0.03611111111111111
2 0.7421875 0.2060185185185185 0.013541666666666667 0.0787037037037037
2 0.20338541666666665 0.44305555555555554 0.021354166666666667 0.049074074074074076
2 0.3765625 0.44120370370370365 0.016666666666666666 0.05092592592592592
2 0.34010416666666665 0.4805555555555555 0.013541666666666667 0.05185185185185185
2 0.4627604166666667 0.575925925925926 0.008854166666666666 0.04259259259259259
2 0.6567708333333333 0.4032407407407408 0.0125 0.06018518518518518
2 0.6692708333333333 0.5620370370370371 0.010416666666666666 0.03888888888888889
2 0.7721354166666666 0.45787037037037037 0.013020833333333334 0.05462962962962963
2 0.7434895833333333 0.274074074074074 0.016145833333333335 0.07222222222222222
3 0.5104166666666667 0.4925925925925926 0.013541666666666667 0.05185185185185185
2 0.36015624999999996 0.2962962962962963 0.019270833333333334 0.06851851851851852
2 0.3966145833333333 0.31712962962962965 0.011979166666666667 0.06388888888888888
2 0.29453125 0.461574074074074 0.011979166666666667 0.05092592592592592
2 0.29557291666666663 0.5328703703703703 0.016145833333333335 0.04537037037037037
2 0.31510416666666663 0.3759259259259259 0.015625 0.05555555555555555
2 0.37760416666666663 0.3828703703703704 0.014583333333333334 0.06018518518518518
2 0.13984375000000004 0.39768518518518514 0.0203125 0.05462962962962963
2 0.4770833333333333 0.43472222222222223 0.011458333333333333 0.06018518518518518
0 0.1311927083333334 0.46679629629629626 0.004776041666666666 0.009657407407407408
1 0.1548177083333333 0.5706851851851852 0.021046875 0.03407407407407407
3 0.8178958333333334 0.6707685185185186 0.008578124999999999 0.03574074074074074
