2 0.6157407407407407 0.8203125 0.06481481481481481 0.011458333333333333
2 0.6208333333333333 0.6854166666666667 0.04351851851851852 0.008333333333333333
2 0.606287037037037 0.8176197916666667 0.049055555555555554 0.009151041666666667
2 0.5823888888888888 0.6844270833333332 0.04439814814814815 0.011354166666666667
2 0.6560185185185186 0.78359375 0.03796296296296296 0.009895833333333333
1 0.6324074074074074 0.1484375 0.044444444444444446 0.013541666666666667
2 0.6995370370370371 0.5114583333333333 0.03611111111111111 0.008333333333333333
2 0.4907407407407407 0.8192708333333333 0.05925925925925926 0.013541666666666667
2 0.6810185185185185 0.4942708333333333 0.03611111111111111 0.008333333333333333
2 0.6097222222222223 0.31536458333333334 0.04537037037037037 0.009895833333333333
2 0.48657407407407405 0.7286458333333333 0.05277777777777778 0.008333333333333333
2 0.5097222222222222 0.4309895833333333 0.05462962962962963 0.013020833333333334
3 0.06435185185185188 0.9338541666666667 0.08796296296296297 0.020833333333333332
2 0.5805555555555555 0.46145833333333336 0.040740740740740744 0.015625
2 0.3555555555555555 0.7893229166666667 0.07037037037037037 0.0140625
2 0.44351851851851853 0.7760416666666666 0.05925925925925926 0.011458333333333333
2 0.5171296296296296 0.08958333333333333 0.05648148148148148 0.011458333333333333
3 0.6060185185185185 0.5674479166666667 0.04722222222222222 0.008854166666666666
2 0.42453703703703705 0.8239583333333333 0.058333333333333334 0.014583333333333334
2 0.4986111111111111 0.3338541666666667 0.06018518518518518 0.010416666666666666
2 0.38009259259259254 0.465625 0.06388888888888888 0.009375
2 0.30972222222222223 0.7205729166666667 0.0712962962962963 0.018229166666666668
2 0.2601851851851852 0.4119791666666667 0.07777777777777778 0.015625
0 0.6141759259259258 0.16628125 0.009398148148148149 0.004786458333333333
3 0.764287037037037 0.40102604166666667 0.033074074074074075 0.008239583333333333
