3 0.5190416666666666 0.7101851851851853 0.0067708333333333336 0.027777777777777776
2 0.49739583333333337 0.6490740740740741 0.010416666666666666 0.03518518518518519
2 0.3653645833333333 0.6662037037037036 0.0078125 0.032407407407407406
2 0.44375 0.4013888888888889 0.014583333333333334 0.04351851851851852
2 0.38307291666666665 0.549074074074074 0.0067708333333333336 0.04259259259259259
2 0.6046875 0.561574074074074 0.010416666666666666 0.04537037037037037
2 0.7169270833333333 0.32546296296296295 0.0109375 0.05092592592592592
2 0.21250000000000002 0.6074074074074074 0.009375 0.03888888888888889
2 0.48567708333333337 0.5365740740740741 0.009895833333333333 0.04537037037037037
2 0.3260416666666667 0.5847222222222221 0.00625 0.03981481481481482
2 0.5973958333333333 0.5930555555555556 0.009375 0.04722222222222222
2 0.35 0.24537037037037035 0.014583333333333334 0.07407407407407407
2 0.71640625 0.27175925925925926 0.015104166666666667 0.06759259259259259
2 0.6158854166666667 0.5037037037037038 0.0109375 0.04814814814814815
2 0.3721354166666667 0.5231481481481481 0.008854166666666666 0.05
2 0.30781250000000004 0.47638888888888886 0.013541666666666667 0.04537037037037037
1 0.8328125 0.5935185185185186 0.010416666666666666 0.04259259259259259
3 0.02630208333333328 0.03749999999999998 0.0171875 0.075
2 0.6255208333333333 0.5037037037037038 0.008333333333333333 0.05185185185185185
2 0.5072916666666667 0.6023148148148147 0.007291666666666667 0.03981481481481482
3 0.5268229166666667 0.5208333333333333 0.0109375 0.05092592592592592
2 0.5544270833333333 0.4703703703703703 0.013020833333333334 0.05
2 0.16510416666666672 0.45138888888888884 0.020833333333333332 0.05277777777777778
0 0.16542187499999994 0.4297037037037037 0.005802083333333334 0.01135185185185185
