2 0.4101851851851852 0.3611979166666667 0.03888888888888889 0.009895833333333333
0 0.27129629629629626 0.5296875 0.011111111111111112 0.00625
2 0.6268518518518518 0.42161458333333335 0.040740740740740744 0.008854166666666666
2 0.3666666666666667 0.36354166666666665 0.06481481481481481 0.022916666666666665
2 0.2944444444444444 0.19791666666666666 0.06481481481481481 0.011458333333333333
2 0.6129629629629629 0.6427083333333333 0.03888888888888889 0.008333333333333333
1 0.5875 0.14270833333333333 0.04351851851851852 0.014583333333333334
2 0.437037037037037 0.45390625 0.05185185185185185 0.0109375
2 0.575 0.44166666666666665 0.044444444444444446 0.008333333333333333
2 0.4078703703703703 0.23671875 0.06018518518518518 0.009895833333333333
2 0.5856481481481481 0.3533854166666667 0.04537037037037037 0.011979166666666667
2 0.5791666666666666 0.3390625 0.04537037037037037 0.009375
2 0.513425925925926 0.30390625 0.05092592592592592 0.008854166666666666
3 0.499537037037037 0.45338541666666665 0.049074074074074076 0.011979166666666667
3 0.06018518518518523 0.8345052083333333 0.08148148148148149 0.019791666666666666
2 0.3902777777777777 0.20729166666666668 0.062037037037037036 0.014583333333333334
2 0.3560185185185185 0.75703125 0.06388888888888888 0.016145833333333335
2 0.3138888888888889 0.4044270833333333 0.06851851851851852 0.0234375
2 0.5324074074074074 0.73359375 0.05 0.011979166666666667
2 0.4907407407407407 0.5989583333333334 0.046296296296296294 0.015625
2 0.2601851851851852 0.3776041666666667 0.07222222222222222 0.011458333333333333
2 0.2953703703703704 0.5390625 0.06851851851851852 0.011458333333333333
2 0.42546296296296293 0.50625 0.05462962962962963 0.0125
2 0.37731481481481477 0.6841145833333333 0.06759259259259259 0.013020833333333334
3 0.7080648148148148 0.45416666666666666 0.031490740740740736 0.009401041666666667
