3 0.8744791666666667 0.7550925925925926 0.009375 0.03981481481481482
2 0.4546875 0.7532407407407408 0.011458333333333333 0.041666666666666664
2 0.7026041666666667 0.7402777777777778 0.011458333333333333 0.041666666666666664
2 0.42966666666666664 0.7225092592592592 0.010453125 0.039453703703703706
2 0.43991145833333334 0.6579351851851851 0.010875 0.0455
2 0.6783854166666667 0.7259259259259259 0.008854166666666666 0.03518518518518519
2 0.6182291666666666 0.6398148148148148 0.010416666666666666 0.046296296296296294
2 0.3799479166666667 0.7078703703703704 0.011979166666666667 0.04351851851851852
2 0.59140625 0.7097222222222221 0.009895833333333333 0.04722222222222222
2 0.6765625 0.6796296296296296 0.014583333333333334 0.040740740740740744
2 0.92734375 0.6879629629629629 0.009895833333333333 0.05
2 0.30442708333333335 0.6328703703703704 0.009895833333333333 0.05092592592592592
2 0.5330729166666667 0.7018518518518518 0.015104166666666667 0.04259259259259259
3 0.47343749999999996 0.6587962962962963 0.011458333333333333 0.05092592592592592
2 0.70546875 0.5814814814814815 0.013020833333333334 0.06296296296296296
2 0.5549479166666667 0.44398148148148153 0.015104166666666667 0.06944444444444445
2 0.2950520833333333 0.5851851851851853 0.0140625 0.05740740740740741
2 0.33229166666666665 0.6046296296296296 0.01875 0.05740740740740741
2 0.9567708333333333 0.537962962962963 0.016666666666666666 0.06666666666666667
2 0.7049479166666667 0.30694444444444446 0.025520833333333333 0.08055555555555556
0 0.73503125 0.7113981481481482 0.004973958333333334 0.009166666666666667
2 0.44175520833333337 0.6756111111111112 0.010286458333333333 0.04900925925925926
2 0.42822916666666666 0.7446018518518518 0.008119791666666666 0.03928703703703704
