2 0.3578703703703704 0.6705729166666667 0.032407407407407406 0.009895833333333333
1 0.36944444444444446 0.09114583333333337 0.03333333333333333 0.009375
2 0.3712962962962963 0.56875 0.037037037037037035 0.014583333333333334
2 0.32222222222222224 0.4580729166666667 0.03333333333333333 0.0078125
2 0.39444444444444443 0.3614583333333333 0.037037037037037035 0.014583333333333334
2 0.40370370370370373 0.4200520833333333 0.037037037037037035 0.013020833333333334
2 0.46574074074074073 0.5583333333333333 0.046296296296296294 0.009375
3 0.4422037037037037 0.5210520833333333 0.04537037037037037 0.0140625
2 0.41064814814814815 0.2768229166666667 0.04722222222222222 0.0078125
2 0.5550925925925926 0.29296875 0.049074074074074076 0.015104166666666667
2 0.41574074074074074 0.6877604166666667 0.046296296296296294 0.0078125
2 0.5078703703703704 0.4861979166666667 0.05277777777777778 0.008854166666666666
2 0.4361111111111111 0.7216145833333334 0.04814814814814815 0.0140625
3 0.7555555555555555 0.061718750000000044 0.07777777777777778 0.024479166666666666
2 0.5601851851851852 0.7861979166666666 0.05925925925925926 0.0109375
2 0.5337962962962963 0.2265625 0.058333333333333334 0.013541666666666667
2 0.5101851851851852 0.38593750000000004 0.05185185185185185 0.011458333333333333
2 0.4759259259259259 0.37083333333333335 0.046296296296296294 0.010416666666666666
2 0.4824074074074074 0.5731770833333334 0.046296296296296294 0.018229166666666668
2 0.4935185185185185 0.4588541666666667 0.05185185185185185 0.014583333333333334
2 0.6722222222222223 0.71484375 0.06111111111111111 0.021354166666666667
2 0.5902777777777778 0.6216145833333333 0.05462962962962963 0.018229166666666668
2 0.6685185185185185 0.7934895833333333 0.06666666666666667 0.0234375
0 0.4792592592592593 0.39530729166666667 0.0125 0.005036458333333333
3 0.25823148148148145 0.7313802083333334 0.033435185185185186 0.0090625
