2 0.38349074074074074 0.5752708333333334 0.02623148148148148 0.012473958333333333
2 0.46925925925925926 0.7198697916666666 0.04037037037037037 0.009536458333333333
2 0.48194444444444445 0.79765625 0.041666666666666664 0.009895833333333333
2 0.4273148148148148 0.5046875 0.03425925925925926 0.010416666666666666
2 0.42268518518518516 0.4424479166666667 0.03611111111111111 0.009895833333333333
2 0.5671296296296297 0.9244791666666666 0.05092592592592592 0.0125
2 0.500462962962963 0.3622395833333333 0.04537037037037037 0.0140625
2 0.5180555555555556 0.11536458333333333 0.049074074074074076 0.009895833333333333
2 0.5083333333333333 0.80625 0.04259259259259259 0.009375
3 0.4791666666666667 0.6002604166666667 0.04351851851851852 0.016145833333333335
2 0.4689814814814815 0.5580729166666667 0.03981481481481482 0.008854166666666666
2 0.48842592592592593 0.3330729166666667 0.04351851851851852 0.0109375
2 0.5814814814814815 0.16484374999999996 0.06111111111111111 0.0140625
2 0.6138888888888889 0.5705729166666667 0.05555555555555555 0.018229166666666668
2 0.5537037037037037 0.7356770833333333 0.05185185185185185 0.015104166666666667
2 0.5828703703703704 0.140625 0.05648148148148148 0.013541666666666667
2 0.6013888888888889 0.47968750000000004 0.058333333333333334 0.020833333333333332
1 0.8328703703703704 0.09479166666666672 0.08796296296296297 0.021875
3 0.3378703703703704 0.5256614583333333 0.026537037037037036 0.007302083333333333
2 0.41732407407407407 0.6328750000000001 0.03668518518518518 0.011760416666666666
2 0.41370370370370374 0.64196875 0.03192592592592592 0.012973958333333334
2 0.42314814814814816 0.6826510416666667 0.03618518518518518 0.012713541666666666
2 0.4229351851851852 0.6967447916666667 0.03668518518518518 0.012281249999999999
1 0.41130555555555554 0.724015625 0.03849074074074074 0.00865625
