2 0.5359375 0.5398148148148147 0.010416666666666666 0.03148148148148148
2 0.5677083333333333 0.5120370370370371 0.011458333333333333 0.03888888888888889
2 0.3682291666666667 0.4930555555555556 0.008333333333333333 0.03796296296296296
2 0.2557291666666667 0.5069444444444444 0.009375 0.03981481481481482
1 0.8432291666666667 0.48669444444444443 0.008333333333333333 0.04351851851851852
2 0.8567708333333334 0.43101851851851847 0.010416666666666666 0.03796296296296296
2 0.35520833333333335 0.44351851851851853 0.009375 0.044444444444444446
2 0.5346354166666667 0.47685185185185186 0.008854166666666666 0.040740740740740744
2 0.690625 0.5310185185185186 0.007291666666666667 0.03611111111111111
2 0.2309895833333333 0.4212962962962963 0.013020833333333334 0.046296296296296294
2 0.6158854166666667 0.44305555555555554 0.013020833333333334 0.04351851851851852
3 0.4828125 0.5041666666666667 0.008333333333333333 0.03796296296296296
2 0.3080729166666667 0.4564814814814815 0.0067708333333333336 0.04259259259259259
2 0.7153645833333333 0.30694444444444446 0.008854166666666666 0.05648148148148148
2 0.6729166666666666 0.38657407407407407 0.008333333333333333 0.05092592592592592
2 0.2723958333333333 0.3375 0.010416666666666666 0.05648148148148148
2 0.41276041666666663 0.29166666666666663 0.013020833333333334 0.05925925925925926
2 0.14166666666666672 0.38703703703703707 0.011458333333333333 0.05555555555555555
3 0.1372395833333333 0.21944444444444444 0.0171875 0.07037037037037037
0 0.8434114583333333 0.41042592592592597 0.0076770833333333335 0.013092592592592593
3 0.6248333333333334 0.6076388888888888 0.006838541666666667 0.024009259259259258
2 0.520078125 0.5765925925925925 0.010135416666666668 0.03096296296296296
2 0.46696354166666665 0.5549537037037038 0.009036458333333334 0.0347037037037037
2 0.30314583333333334 0.5569537037037037 0.008229166666666668 0.0330925925925926
2 0.3080677083333333 0.5510555555555555 0.007526041666666666 0.03143518518518519
