0 0.4476851851851852 0.4330729166666667 0.010185185185185186 0.005729166666666666
2 0.3388888888888889 0.64375 0.044444444444444446 0.010416666666666666
2 0.3712962962962963 0.7700520833333333 0.05 0.0140625
2 0.33287037037037037 0.6776041666666667 0.04351851851851852 0.010416666666666666
2 0.35185185185185186 0.7583333333333333 0.046296296296296294 0.010416666666666666
2 0.4054074074074074 0.530234375 0.05525925925925926 0.016723958333333334
2 0.38055555555555554 0.40546875000000004 0.05 0.018229166666666668
2 0.3490740740740741 0.5763020833333333 0.05 0.013020833333333334
2 0.42268518518518516 0.4473958333333333 0.04722222222222222 0.01875
2 0.41203703703703703 0.6143229166666666 0.05185185185185185 0.0140625
2 0.43142592592592593 0.6677604166666666 0.055435185185185185 0.018848958333333332
2 0.41712962962962963 0.1919270833333333 0.06018518518518518 0.0171875
2 0.4162037037037037 0.8106770833333333 0.058333333333333334 0.0109375
2 0.37546296296296294 0.59296875 0.05462962962962963 0.015104166666666667
2 0.5976851851851852 0.53671875 0.06944444444444445 0.021354166666666667
2 0.45555555555555555 0.8015625 0.06481481481481481 0.017708333333333333
2 0.40324074074074073 0.70234375 0.05462962962962963 0.016145833333333335
3 0.4222222222222222 0.48854166666666665 0.05185185185185185 0.025
2 0.5555555555555556 0.15833333333333333 0.07222222222222222 0.026041666666666668
2 0.5740740740740741 0.3809895833333333 0.06851851851851852 0.0296875
2 0.5189814814814815 0.0864583333333333 0.06759259259259259 0.026041666666666668
2 0.5425925925925926 0.7609375 0.06481481481481481 0.026041666666666668
3 0.2931944444444444 0.6887135416666668 0.04034259259259259 0.011296875000000001
