2 0.4898148148148148 0.3802083333333333 0.03888888888888889 0.0125
2 0.6245370370370371 0.47317708333333336 0.030555555555555555 0.0078125
2 0.46657407407407403 0.3895885416666667 0.04240740740740741 0.016661458333333334
2 0.6083333333333334 0.46067708333333335 0.03148148148148148 0.0078125
2 0.5203703703703704 0.28880208333333335 0.040740740740740744 0.009895833333333333
2 0.599537037037037 0.2947916666666667 0.03796296296296296 0.007291666666666667
2 0.5763888888888888 0.2 0.03981481481481482 0.010416666666666666
2 0.49251851851851847 0.147265625 0.049851851851851856 0.013276041666666665
0 0.24768518518518523 0.75703125 0.012037037037037037 0.005729166666666666
2 0.3666666666666667 0.3177083333333333 0.05 0.020833333333333332
2 0.5328703703703703 0.30520833333333336 0.04351851851851852 0.011458333333333333
2 0.4458333333333333 0.9302083333333333 0.05092592592592592 0.019791666666666666
2 0.5657407407407408 0.4544270833333333 0.040740740740740744 0.0078125
2 0.5981481481481481 0.6236979166666666 0.040740740740740744 0.008854166666666666
2 0.2861111111111111 0.7640625 0.06481481481481481 0.030208333333333334
1 0.5648148148148149 0.8544270833333333 0.044444444444444446 0.011979166666666667
2 0.31620370370370365 0.709375 0.06018518518518518 0.01875
2 0.5199074074074075 0.5979166666666667 0.049074074074074076 0.009375
2 0.5347222222222222 0.5828125 0.04351851851851852 0.009375
2 0.45879629629629626 0.09947916666666666 0.049074074074074076 0.019791666666666666
2 0.4629629629629629 0.7875 0.05740740740740741 0.021875
2 0.38908333333333334 0.31197395833333336 0.039870370370370375 0.025520833333333333
3 0.6247592592592592 0.16871354166666666 0.033490740740740745 0.008552083333333333
2 0.5077499999999999 0.146484375 0.053203703703703704 0.013703125
