2 0.6229259259259259 0.5492083333333333 0.05045370370370371 0.014723958333333334
2 0.638425925925926 0.69921875 0.04537037037037037 0.008854166666666666
2 0.5648148148148149 0.7515625 0.05740740740740741 0.011458333333333333
2 0.5402777777777779 0.19140625 0.05462962962962963 0.0171875
2 0.6541666666666667 0.37005208333333334 0.04537037037037037 0.0109375
2 0.5384259259259259 0.79765625 0.06388888888888888 0.011979166666666667
2 0.5125 0.78359375 0.06388888888888888 0.015104166666666667
2 0.5305555555555556 0.6903645833333333 0.05740740740740741 0.0109375
2 0.43518518518518523 0.6997395833333333 0.07037037037037037 0.0140625
3 0.4810185185185185 0.5919270833333333 0.06944444444444445 0.013020833333333334
2 0.5393518518518519 0.4627604166666667 0.05462962962962963 0.013020833333333334
2 0.5606481481481482 0.4088541666666667 0.05277777777777778 0.016666666666666666
2 0.5402777777777779 0.6098958333333333 0.058333333333333334 0.0125
2 0.39814814814814814 0.5033854166666667 0.07592592592592592 0.013020833333333334
2 0.29212962962962963 0.19479166666666667 0.09537037037037037 0.01875
2 0.21851851851851856 0.4817708333333333 0.09074074074074075 0.027083333333333334
2 0.47685185185185186 0.4015625 0.06481481481481481 0.0125
2 0.3740740740740741 0.8466145833333333 0.07777777777777778 0.016145833333333335
2 0.3319444444444445 0.5778645833333333 0.08425925925925926 0.015104166666666667
2 0.32638888888888884 0.74765625 0.08425925925925926 0.019270833333333334
3 0.14629629629629626 0.96328125 0.10925925925925926 0.030729166666666665
0 0.5225740740740741 0.22032812499999999 0.012037037037037037 0.008229166666666668
3 0.7067037037037037 0.3401927083333333 0.03562037037037037 0.008072916666666667
2 0.6863796296296296 0.6374270833333333 0.037175925925925925 0.009229166666666667
