2 0.3731481481481482 0.69609375 0.040740740740740744 0.0109375
2 0.36666666666666664 0.5083333333333333 0.03333333333333333 0.00625
2 0.37453703703703706 0.33515625000000004 0.04351851851851852 0.009895833333333333
2 0.4587962962962963 0.8643229166666666 0.05277777777777778 0.0109375
2 0.39861111111111114 0.79296875 0.03796296296296296 0.011979166666666667
2 0.4310185185185185 0.7270833333333333 0.04351851851851852 0.010416666666666666
2 0.387037037037037 0.5268229166666667 0.03888888888888889 0.008854166666666666
2 0.4134259259259259 0.6825520833333334 0.04537037037037037 0.008854166666666666
2 0.5101851851851852 0.16302083333333328 0.05740740740740741 0.013541666666666667
2 0.4222222222222222 0.42656249999999996 0.04814814814814815 0.010416666666666666
2 0.4949074074074074 0.8666666666666667 0.058333333333333334 0.013541666666666667
2 0.5601851851851852 0.8119791666666667 0.05740740740740741 0.014583333333333334
1 0.4064814814814815 0.14166666666666672 0.046296296296296294 0.010416666666666666
2 0.5305555555555556 0.69296875 0.053703703703703705 0.0109375
2 0.40694444444444444 0.4005208333333333 0.041666666666666664 0.008333333333333333
2 0.4810185185185185 0.7153645833333333 0.05092592592592592 0.0140625
2 0.5069444444444444 0.8833333333333333 0.058333333333333334 0.013541666666666667
2 0.5569444444444445 0.5247395833333333 0.058333333333333334 0.0140625
3 0.4587962962962963 0.59921875 0.04722222222222222 0.0109375
2 0.4740740740740741 0.35468750000000004 0.05555555555555555 0.011458333333333333
2 0.6527777777777778 0.31666666666666665 0.07222222222222222 0.01875
3 0.3590277777777778 0.8545052083333333 0.0405925925925926 0.011333333333333334
2 0.34862037037037036 0.46940625 0.038287037037037036 0.011604166666666667
0 0.5348981481481482 0.17705208333333333 0.012888888888888889 0.006713541666666667
