2 0.45052083333333337 0.6486111111111111 0.010416666666666666 0.03796296296296296
2 0.77421875 0.6078703703703704 0.0078125 0.05092592592592592
2 0.6630208333333334 0.6342592592592593 0.009375 0.040740740740740744
2 0.41484374999999996 0.6597222222222222 0.013020833333333334 0.04351851851851852
2 0.44010416666666663 0.6055555555555556 0.010416666666666666 0.044444444444444446
2 0.26484375000000004 0.6462962962962964 0.009895833333333333 0.044444444444444446
2 0.7104166666666667 0.5875 0.010416666666666666 0.049074074074074076
2 0.70703125 0.5449074074074074 0.013020833333333334 0.049074074074074076
2 0.46119791666666665 0.5986111111111111 0.009895833333333333 0.049074074074074076
1 0.1440104166666667 0.6287037037037038 0.013020833333333334 0.046296296296296294
2 0.6450520833333333 0.5967592592592592 0.013020833333333334 0.05092592592592592
2 0.8622395833333334 0.5578703703703703 0.015104166666666667 0.05648148148148148
2 0.5200520833333333 0.6157407407407407 0.008854166666666666 0.046296296296296294
3 0.5510416666666667 0.5694444444444444 0.009375 0.05555555555555555
2 0.1796875 0.5268518518518519 0.009375 0.06111111111111111
2 0.8958333333333334 0.4981481481481481 0.013541666666666667 0.06666666666666667
2 0.8356770833333333 0.45185185185185184 0.0171875 0.06296296296296296
2 0.3638020833333333 0.5527777777777778 0.0140625 0.05925925925925926
2 0.85625 0.48518518518518516 0.016666666666666666 0.06851851851851852
2 0.6768229166666666 0.49444444444444446 0.0109375 0.06111111111111111
2 0.51953125 0.4745370370370371 0.018229166666666668 0.06018518518518518
2 0.3643229166666667 0.44212962962962965 0.013020833333333334 0.06759259259259259
0 0.2678177083333334 0.6265833333333333 0.005307291666666667 0.010222222222222221
3 0.863890625 0.6498055555555555 0.009958333333333335 0.04477777777777778
