2 0.3538148148148148 0.44790625000000006 0.03680555555555556 0.012520833333333333
2 0.40370370370370373 0.3236979166666667 0.03888888888888889 0.009895833333333333
2 0.425 0.31640625 0.03518518518518519 0.009895833333333333
2 0.399537037037037 0.2895833333333333 0.041666666666666664 0.009375
2 0.3870648148148148 0.44204166666666667 0.04264814814814815 0.010708333333333332
2 0.37546296296296294 0.6669270833333334 0.03796296296296296 0.009895833333333333
3 0.36203703703703705 0.878125 0.03888888888888889 0.010416666666666666
2 0.350462962962963 0.33203125 0.03796296296296296 0.0078125
1 0.39351851851851855 0.15468749999999998 0.04259259259259259 0.009375
2 0.44675925925925924 0.8276041666666667 0.04537037037037037 0.008333333333333333
2 0.4356481481481482 0.24140625000000004 0.04722222222222222 0.009895833333333333
2 0.4263888888888889 0.26015625 0.04722222222222222 0.009895833333333333
2 0.3648148148148148 0.6106770833333333 0.03888888888888889 0.0078125
2 0.44305555555555554 0.875 0.05462962962962963 0.01875
2 0.42314814814814816 0.5622395833333333 0.046296296296296294 0.013020833333333334
3 0.3814814814814815 0.47890625 0.040740740740740744 0.0140625
2 0.4675925925925926 0.17447916666666663 0.05740740740740741 0.0125
2 0.3691111111111111 0.376328125 0.041833333333333333 0.00984375
2 0.44907407407407407 0.63046875 0.046296296296296294 0.0140625
2 0.4773148148148148 0.8229166666666666 0.05092592592592592 0.0125
2 0.5652777777777778 0.54921875 0.058333333333333334 0.0265625
2 0.45092592592592595 0.30052083333333335 0.04814814814814815 0.016666666666666666
2 0.33862037037037035 0.4440208333333333 0.032685185185185185 0.008645833333333333
