2 0.4111111111111111 0.26979166666666665 0.037037037037037035 0.011458333333333333
3 0.4078703703703704 0.33046875 0.032407407407407406 0.0109375
2 0.45046296296296295 0.7666666666666666 0.03425925925925926 0.013541666666666667
2 0.48627777777777775 0.15490104166666674 0.04292592592592592 0.012072916666666666
2 0.41201851851851856 0.7013958333333333 0.03699074074074074 0.017
2 0.5111111111111111 0.16145833333333337 0.04259259259259259 0.011458333333333333
2 0.42407407407407405 0.32005208333333335 0.037037037037037035 0.0109375
2 0.4152777777777778 0.42942708333333335 0.03611111111111111 0.008854166666666666
2 0.44027777777777777 0.22838541666666667 0.04351851851851852 0.008854166666666666
2 0.46111111111111114 0.37968749999999996 0.040740740740740744 0.011458333333333333
2 0.45601851851851855 0.51953125 0.03796296296296296 0.0078125
2 0.4398148148148148 0.5486979166666667 0.04259259259259259 0.013020833333333334
2 0.4828703703703704 0.2830729166666667 0.04537037037037037 0.013020833333333334
2 0.46296296296296297 0.6986979166666667 0.04259259259259259 0.016145833333333335
2 0.5634259259259259 0.3643229166666667 0.05277777777777778 0.016145833333333335
2 0.49212962962962964 0.8130208333333333 0.05092592592592592 0.014583333333333334
2 0.5277777777777778 0.7890625 0.05555555555555555 0.017708333333333333
1 0.4238425925925926 0.07546875000000008 0.03565740740740741 0.011161458333333334
2 0.41350925925925924 0.7679374999999999 0.03921296296296296 0.011348958333333332
3 0.3619537037037037 0.7545416666666667 0.029935185185185183 0.009239583333333332
2 0.4035925925925926 0.6858697916666667 0.038268518518518514 0.01309375
2 0.4192962962962963 0.228609375 0.03532407407407407 0.009510416666666667
0 0.42492592592592593 0.26890625 0.00812037037037037 0.004671875000000001
2 0.4009259259259259 0.6753125 0.03748148148148148 0.012494791666666666
