2 0.5327777777777778 0.28158333333333335 0.03777777777777778 0.016291666666666666
2 0.5933240740740742 0.4396145833333333 0.032962962962962965 0.009255208333333332
2 0.5223425925925926 0.260859375 0.03864814814814815 0.012338541666666668
3 0.513638888888889 0.40050520833333336 0.043083333333333335 0.008364583333333333
2 0.512962962962963 0.184375 0.040740740740740744 0.008333333333333333
2 0.5828703703703704 0.42291666666666666 0.03611111111111111 0.010416666666666666
2 0.49444444444444446 0.40234375 0.044444444444444446 0.009895833333333333
2 0.44953703703703707 0.09010416666666667 0.04722222222222222 0.011458333333333333
2 0.5671296296296297 0.6372395833333333 0.03981481481481482 0.0067708333333333336
2 0.4717592592592592 0.11927083333333334 0.049074074074074076 0.0125
2 0.5699074074074074 0.6033854166666667 0.03796296296296296 0.008854166666666666
2 0.3486111111111111 0.8890625 0.06944444444444445 0.010416666666666666
2 0.4375 0.228125 0.05277777777777778 0.0125
2 0.45972222222222225 0.9057291666666667 0.05277777777777778 0.013541666666666667
2 0.4708333333333333 0.5877604166666667 0.05277777777777778 0.009895833333333333
2 0.4004629629629629 0.43854166666666666 0.058333333333333334 0.013541666666666667
2 0.3388888888888889 0.9111979166666667 0.06851851851851852 0.013020833333333334
2 0.4023148148148148 0.41171875 0.05277777777777778 0.0171875
2 0.46064814814814814 0.5723958333333333 0.05092592592592592 0.011458333333333333
3 0.1606481481481481 0.9432291666666667 0.09166666666666666 0.014583333333333334
2 0.5439722222222223 0.27628125000000003 0.03963888888888889 0.008598958333333333
1 0.5830092592592593 0.33869791666666665 0.034055555555555554 0.01590625
2 0.5828888888888888 0.4321979166666667 0.03725 0.009015625
3 0.6619351851851851 0.5251145833333334 0.02851851851851852 0.007078125
