2 0.1933888888888889 0.3622291666666667 0.059527777777777784 0.008833333333333334
2 0.17731481481481481 0.3549479166666667 0.04722222222222222 0.0109375
2 0.20046296296296295 0.3677083333333333 0.05277777777777778 0.010416666666666666
2 0.17731481481481481 0.3934895833333333 0.049074074074074076 0.0140625
3 0.16574074074074074 0.8091145833333333 0.05 0.011979166666666667
2 0.17824074074074073 0.5669270833333333 0.04722222222222222 0.013020833333333334
2 0.2111111111111111 0.5364583333333333 0.05925925925925926 0.0125
2 0.20972222222222223 0.44062500000000004 0.06018518518518518 0.014583333333333334
2 0.20879629629629629 0.50625 0.05462962962962963 0.014583333333333334
2 0.20324074074074075 0.7182291666666667 0.05092592592592592 0.019791666666666666
2 0.2111111111111111 0.24505208333333328 0.05925925925925926 0.013020833333333334
2 0.2638888888888889 0.7041666666666666 0.06666666666666667 0.011458333333333333
2 0.23333333333333334 0.40364583333333337 0.05740740740740741 0.016666666666666666
2 0.24953703703703703 0.21067708333333335 0.06759259259259259 0.0109375
2 0.20185185185185187 0.7403645833333333 0.06111111111111111 0.011979166666666667
2 0.33240740740740743 0.17031249999999998 0.07777777777777778 0.010416666666666666
2 0.2962962962962963 0.2494791666666667 0.06851851851851852 0.013541666666666667
2 0.2689814814814815 0.8091145833333333 0.06759259259259259 0.021354166666666667
2 0.2740740740740741 0.5393229166666667 0.05925925925925926 0.021354166666666667
3 0.2601851851851852 0.446875 0.07037037037037037 0.014583333333333334
2 0.35694444444444445 0.75234375 0.08425925925925926 0.018229166666666668
