2 0.7495370370370371 0.5255208333333333 0.049074074074074076 0.011458333333333333
2 0.7597222222222222 0.43333333333333335 0.04722222222222222 0.008333333333333333
2 0.7460185185185185 0.47090624999999997 0.049444444444444444 0.012645833333333334
2 0.7375 0.5161458333333333 0.05092592592592592 0.021875
2 0.762962962962963 0.5442708333333334 0.046296296296296294 0.013541666666666667
2 0.7527777777777778 0.5942708333333333 0.05185185185185185 0.009375
2 0.7449074074074074 0.3265625 0.05462962962962963 0.009375
2 0.7453703703703703 0.44869791666666664 0.040740740740740744 0.009895833333333333
2 0.7444444444444445 0.34036458333333336 0.05185185185185185 0.0109375
2 0.725462962962963 0.13828125 0.05277777777777778 0.008854166666666666
1 0.7305555555555556 0.8575520833333333 0.06111111111111111 0.015104166666666667
2 0.7027777777777777 0.5815104166666667 0.05555555555555555 0.0140625
2 0.724537037037037 0.6510416666666666 0.05462962962962963 0.0125
2 0.7268518518518519 0.08229166666666667 0.05740740740740741 0.013541666666666667
2 0.6842592592592592 0.7255208333333333 0.05740740740740741 0.015625
3 0.7240740740740741 0.3578125 0.05555555555555555 0.015625
2 0.6537037037037037 0.11875 0.06481481481481481 0.020833333333333332
2 0.7134259259259259 0.43854166666666666 0.058333333333333334 0.016666666666666666
2 0.6537037037037037 0.15182291666666667 0.06666666666666667 0.0140625
2 0.6143518518518518 0.4856770833333333 0.06388888888888888 0.027604166666666666
0 0.7286388888888888 0.48021874999999997 0.010453703703703703 0.005348958333333333
2 0.7897592592592593 0.4690572916666667 0.03675925925925926 0.011010416666666667
2 0.7605185185185186 0.47394270833333335 0.047101851851851846 0.014036458333333333
