2 0.4708333333333333 0.7578703703703704 0.00625 0.030555555555555555
2 0.6708333333333334 0.7555555555555555 0.007291666666666667 0.037037037037037035
2 0.6635416666666667 0.7435185185185185 0.009375 0.044444444444444446
2 0.3700520833333333 0.7453703703703703 0.0171875 0.05
2 0.3296875 0.7578703703703704 0.009375 0.041666666666666664
2 0.47239583333333335 0.7282407407407407 0.008333333333333333 0.04351851851851852
2 0.5044270833333333 0.750462962962963 0.008854166666666666 0.041666666666666664
2 0.49583333333333335 0.75 0.008333333333333333 0.04259259259259259
1 0.09010416666666665 0.7037037037037037 0.009375 0.04814814814814815
3 0.5955729166666667 0.6976851851851852 0.008854166666666666 0.04722222222222222
2 0.41171875 0.7083333333333333 0.0234375 0.04259259259259259
2 0.8302083333333333 0.7101851851851853 0.0125 0.046296296296296294
2 0.8450520833333334 0.7134259259259259 0.0109375 0.049074074074074076
2 0.6953125 0.6787037037037037 0.017708333333333333 0.046296296296296294
2 0.7744791666666666 0.6712962962962963 0.0125 0.05185185185185185
2 0.59296875 0.6175925925925926 0.011979166666666667 0.06111111111111111
2 0.73203125 0.5185185185185186 0.0140625 0.07407407407407407
2 0.24244791666666665 0.587962962962963 0.019270833333333334 0.06851851851851852
2 0.4520833333333333 0.36944444444444446 0.022916666666666665 0.09444444444444444
2 0.40546875000000004 0.5851851851851853 0.013020833333333334 0.06481481481481481
2 0.8109375 0.5625 0.020833333333333332 0.06944444444444445
0 0.39850520833333336 0.6880555555555556 0.006067708333333334 0.010333333333333333
2 0.47882812500000005 0.771 0.010624999999999999 0.03560185185185186
3 0.8433177083333333 0.7595925925925926 0.009697916666666667 0.04610185185185185
