2 0.2611111111111111 0.7104166666666667 0.03888888888888889 0.009375
2 0.2898148148148148 0.8026041666666667 0.044444444444444446 0.009375
2 0.2791666666666667 0.6786458333333334 0.03981481481481482 0.009375
2 0.31712962962962965 0.7908854166666667 0.04722222222222222 0.0109375
1 0.3425925925925926 0.034375000000000044 0.04814814814814815 0.0125
0 0.5583333333333333 0.16822916666666665 0.011111111111111112 0.007291666666666667
2 0.2773148148148148 0.5567708333333333 0.041666666666666664 0.010416666666666666
2 0.30092592592592593 0.38151041666666663 0.044444444444444446 0.008854166666666666
2 0.2675925925925926 0.51796875 0.04259259259259259 0.008854166666666666
2 0.37453703703703706 0.84140625 0.05648148148148148 0.011979166666666667
2 0.6092592592592593 0.8763020833333334 0.07592592592592592 0.0296875
2 0.28194444444444444 0.4130208333333333 0.04722222222222222 0.009375
2 0.3560185185185185 0.8544270833333334 0.05648148148148148 0.011979166666666667
2 0.4203703703703704 0.757296875 0.06296296296296296 0.017697916666666664
3 0.375 0.71171875 0.05925925925925926 0.013020833333333334
2 0.5208333333333334 0.6869791666666667 0.075 0.016666666666666666
2 0.3907407407407407 0.5713541666666666 0.05555555555555555 0.016666666666666666
2 0.48564814814814816 0.5669270833333333 0.062037037037037036 0.016145833333333335
2 0.4356481481481482 0.3966145833333333 0.06388888888888888 0.013020833333333334
2 0.7824074074074074 0.7229166666666667 0.10185185185185185 0.028125
2 0.4351851851851852 0.4848958333333333 0.06296296296296296 0.01875
2 0.49212962962962964 0.31562500000000004 0.06759259259259259 0.014583333333333334
2 0.5236111111111111 0.10338541666666667 0.07685185185185185 0.0203125
