2 0.7976851851851852 0.47421875 0.03981481481481482 0.008854166666666666
3 0.8022592592592592 0.29786979166666666 0.04685185185185185 0.011364583333333334
2 0.75925 0.28884375 0.048157407407407406 0.010244791666666668
2 0.6337962962962963 0.20572916666666666 0.06759259259259259 0.013541666666666667
2 0.7351851851851852 0.7026041666666667 0.05185185185185185 0.015625
2 0.7421296296296296 0.5494791666666666 0.049074074074074076 0.0125
2 0.7125 0.5846354166666666 0.05092592592592592 0.015104166666666667
3 0.6223240740740741 0.3691041666666666 0.07201851851851852 0.012166666666666666
2 0.5037037037037038 0.5708333333333333 0.08148148148148149 0.014583333333333334
2 0.7180555555555556 0.3807291666666667 0.05462962962962963 0.010416666666666666
2 0.6939814814814815 0.23151041666666666 0.058333333333333334 0.013020833333333334
2 0.6907407407407408 0.6236979166666666 0.05925925925925926 0.0109375
2 0.7462962962962962 0.3528645833333333 0.04814814814814815 0.016145833333333335
2 0.6888888888888889 0.25286458333333334 0.05740740740740741 0.015104166666666667
2 0.6226851851851851 0.8322916666666667 0.06574074074074074 0.016666666666666666
2 0.5601851851851851 0.5236979166666667 0.07592592592592592 0.022395833333333334
2 0.6574074074074074 0.39791666666666664 0.05185185185185185 0.017708333333333333
2 0.5833333333333333 0.3919270833333333 0.07222222222222222 0.015104166666666667
2 0.4550925925925926 0.890625 0.09351851851851851 0.019791666666666666
2 0.5273148148148148 0.13515625 0.08055555555555556 0.021354166666666667
2 0.41435185185185186 0.17526041666666667 0.09537037037037037 0.019270833333333334
2 0.2796296296296297 0.41822916666666665 0.10740740740740741 0.035416666666666666
0 0.6735740740740741 0.7410833333333334 0.01337037037037037 0.00684375
