3 0.7611197916666667 0.7634814814814814 0.009010416666666667 0.04008333333333333
2 0.47319791666666666 0.6577870370370371 0.013572916666666665 0.05226851851851852
2 0.3861979166666667 0.7157407407407408 0.011979166666666667 0.037037037037037035
2 0.37526041666666665 0.7083333333333333 0.015104166666666667 0.044444444444444446
2 0.4 0.725462962962963 0.014583333333333334 0.041666666666666664
2 0.47291666666666665 0.6300925925925926 0.0125 0.05462962962962963
2 0.30156249999999996 0.7106481481481481 0.010416666666666666 0.04537037037037037
3 0.5166666666666666 0.6902777777777778 0.013541666666666667 0.049074074074074076
2 0.5190104166666667 0.7347222222222223 0.009895833333333333 0.041666666666666664
2 0.3638020833333333 0.6643518518518519 0.0109375 0.05277777777777778
2 0.75 0.7074074074074075 0.009375 0.046296296296296294
2 0.48671875 0.5902777777777778 0.011979166666666667 0.062037037037037036
2 0.6638020833333333 0.6143518518518518 0.019270833333333334 0.05462962962962963
2 0.4424479166666667 0.5847222222222221 0.0140625 0.062037037037037036
2 0.8307291666666666 0.6486111111111111 0.011458333333333333 0.05648148148148148
2 0.2533854166666667 0.6560185185185186 0.011979166666666667 0.05277777777777778
2 0.66796875 0.5259259259259259 0.016145833333333335 0.07407407407407407
2 0.303125 0.612037037037037 0.016666666666666666 0.06296296296296296
2 0.19713541666666667 0.46851851851851856 0.016145833333333335 0.07592592592592592
2 0.3046875 0.44999999999999996 0.019791666666666666 0.08148148148148149
2 0.18854166666666672 0.6041666666666667 0.015625 0.06388888888888888
2 0.4643229166666667 0.4814814814814815 0.0203125 0.07037037037037037
0 0.821875 0.6329537037037036 0.005427083333333333 0.010944444444444444
