2 0.6560185185185186 0.35833333333333334 0.041666666666666664 0.011458333333333333
2 0.7384259259259259 0.41822916666666665 0.03796296296296296 0.008333333333333333
2 0.6291666666666667 0.6666666666666666 0.04722222222222222 0.0125
2 0.5337962962962963 0.17838541666666666 0.03796296296296296 0.0140625
2 0.6273148148148149 0.359375 0.05648148148148148 0.010416666666666666
2 0.7013888888888888 0.32864583333333336 0.041666666666666664 0.008333333333333333
2 0.6837962962962962 0.534375 0.03981481481481482 0.013541666666666667
2 0.4907407407407407 0.17864583333333334 0.07407407407407407 0.014583333333333334
2 0.6583333333333333 0.47213541666666664 0.046296296296296294 0.009895833333333333
2 0.7083333333333333 0.7255208333333333 0.046296296296296294 0.009375
2 0.5546296296296296 0.4627604166666667 0.06481481481481481 0.013020833333333334
2 0.6134259259259259 0.6604166666666667 0.05462962962962963 0.0125
2 0.6106481481481482 0.8484375 0.06018518518518518 0.010416666666666666
2 0.6050925925925925 0.246875 0.06018518518518518 0.016666666666666666
2 0.6212962962962962 0.22265625 0.05925925925925926 0.013020833333333334
2 0.28009259259259256 0.5268229166666667 0.09722222222222222 0.018229166666666668
2 0.5666666666666667 0.20885416666666667 0.06481481481481481 0.017708333333333333
2 0.5416666666666667 0.5807291666666666 0.07222222222222222 0.0125
3 0.549074074074074 0.37473958333333335 0.06851851851851852 0.013020833333333334
2 0.5226851851851853 0.49192708333333335 0.06759259259259259 0.0171875
2 0.42592592592592593 0.87421875 0.08703703703703704 0.019270833333333334
3 0.7522314814814814 0.29326562500000003 0.04027777777777778 0.010744791666666666
0 0.6127685185185185 0.671734375 0.01312962962962963 0.007354166666666666
