2 0.7388888888888889 0.28958333333333336 0.03888888888888889 0.009375
2 0.7101851851851853 0.19739583333333333 0.044444444444444446 0.009375
2 0.7208333333333333 0.32135416666666666 0.03981481481481482 0.009375
2 0.6828703703703703 0.20911458333333333 0.04722222222222222 0.0109375
1 0.6574074074074074 0.965625 0.04814814814814815 0.0125
0 0.44166666666666665 0.8317708333333333 0.011111111111111112 0.007291666666666667
2 0.7226851851851852 0.4432291666666667 0.041666666666666664 0.010416666666666666
2 0.6990740740740741 0.6184895833333334 0.044444444444444446 0.008854166666666666
2 0.7324074074074074 0.48203125 0.04259259259259259 0.008854166666666666
2 0.6254629629629629 0.15859375 0.05648148148148148 0.011979166666666667
2 0.3907407407407407 0.12369791666666667 0.07592592592592592 0.0296875
2 0.7180555555555556 0.5869791666666667 0.04722222222222222 0.009375
2 0.6439814814814815 0.14557291666666666 0.05648148148148148 0.011979166666666667
2 0.5796296296296296 0.242703125 0.06296296296296296 0.017697916666666664
3 0.625 0.28828125 0.05925925925925926 0.013020833333333334
2 0.47916666666666663 0.31302083333333336 0.075 0.016666666666666666
2 0.6092592592592593 0.42864583333333334 0.05555555555555555 0.016666666666666666
2 0.5143518518518518 0.43307291666666664 0.062037037037037036 0.016145833333333335
2 0.5643518518518518 0.6033854166666667 0.06388888888888888 0.013020833333333334
2 0.21759259259259256 0.27708333333333335 0.10185185185185185 0.028125
2 0.5648148148148149 0.5151041666666667 0.06296296296296296 0.01875
2 0.5078703703703704 0.684375 0.06759259259259259 0.014583333333333334
2 0.47638888888888886 0.8966145833333333 0.07685185185185185 0.0203125
