2 0.24212962962962964 0.4708333333333333 0.030555555555555555 0.00625
2 0.24444444444444444 0.6708333333333334 0.037037037037037035 0.007291666666666667
2 0.2564814814814815 0.6635416666666667 0.044444444444444446 0.009375
2 0.25462962962962965 0.3700520833333333 0.05 0.0171875
2 0.24212962962962964 0.3296875 0.041666666666666664 0.009375
2 0.27175925925925926 0.47239583333333335 0.04351851851851852 0.008333333333333333
2 0.24953703703703703 0.5044270833333333 0.041666666666666664 0.008854166666666666
2 0.25 0.49583333333333335 0.04259259259259259 0.008333333333333333
1 0.2962962962962963 0.09010416666666665 0.04814814814814815 0.009375
3 0.3023148148148148 0.5955729166666667 0.04722222222222222 0.008854166666666666
2 0.2916666666666667 0.41171875 0.04259259259259259 0.0234375
2 0.2898148148148148 0.8302083333333333 0.046296296296296294 0.0125
2 0.2865740740740741 0.8450520833333334 0.049074074074074076 0.0109375
2 0.3212962962962963 0.6953125 0.046296296296296294 0.017708333333333333
2 0.3287037037037037 0.7744791666666666 0.05185185185185185 0.0125
2 0.3824074074074074 0.59296875 0.06111111111111111 0.011979166666666667
2 0.48148148148148145 0.73203125 0.07407407407407407 0.0140625
2 0.41203703703703703 0.24244791666666665 0.06851851851851852 0.019270833333333334
2 0.6305555555555555 0.4520833333333333 0.09444444444444444 0.022916666666666665
2 0.4148148148148148 0.40546875000000004 0.06481481481481481 0.013020833333333334
2 0.4375 0.8109375 0.06944444444444445 0.020833333333333332
0 0.3119444444444444 0.39850520833333336 0.010333333333333333 0.006067708333333334
2 0.22899999999999998 0.47882812500000005 0.03560185185185186 0.010624999999999999
3 0.2404074074074074 0.8433177083333333 0.04610185185185185 0.009697916666666667
