2 0.52578125 0.7976851851851852 0.008854166666666666 0.03981481481481482
3 0.7021302083333334 0.8022592592592592 0.011364583333333334 0.04685185185185185
2 0.7111562499999999 0.75925 0.010244791666666668 0.048157407407407406
2 0.7942708333333334 0.6337962962962963 0.013541666666666667 0.06759259259259259
2 0.2973958333333333 0.7351851851851852 0.015625 0.05185185185185185
2 0.45052083333333337 0.7421296296296296 0.0125 0.049074074074074076
2 0.41536458333333337 0.7125 0.015104166666666667 0.05092592592592592
3 0.6308958333333334 0.6223240740740741 0.012166666666666666 0.07201851851851852
2 0.4291666666666667 0.5037037037037038 0.014583333333333334 0.08148148148148149
2 0.6192708333333333 0.7180555555555556 0.010416666666666666 0.05462962962962963
2 0.7684895833333334 0.6939814814814815 0.013020833333333334 0.058333333333333334
2 0.37630208333333337 0.6907407407407408 0.0109375 0.05925925925925926
2 0.6471354166666667 0.7462962962962962 0.016145833333333335 0.04814814814814815
2 0.7471354166666666 0.6888888888888889 0.015104166666666667 0.05740740740740741
2 0.16770833333333335 0.6226851851851851 0.016666666666666666 0.06574074074074074
2 0.47630208333333335 0.5601851851851851 0.022395833333333334 0.07592592592592592
2 0.6020833333333333 0.6574074074074074 0.017708333333333333 0.05185185185185185
2 0.6080729166666667 0.5833333333333333 0.015104166666666667 0.07222222222222222
2 0.109375 0.4550925925925926 0.019791666666666666 0.09351851851851851
2 0.86484375 0.5273148148148148 0.021354166666666667 0.08055555555555556
2 0.8247395833333333 0.41435185185185186 0.019270833333333334 0.09537037037037037
2 0.5817708333333333 0.2796296296296297 0.035416666666666666 0.10740740740740741
0 0.2589166666666666 0.6735740740740741 0.00684375 0.01337037037037037
