2 0.68359375 0.026388888888888906 0.025520833333333333 0.05092592592592592
2 0.8395833333333333 0.7574074074074074 0.010416666666666666 0.04259259259259259
2 0.8908854166666667 0.6564814814814814 0.011979166666666667 0.03333333333333333
2 0.84375 0.7240740740740741 0.011458333333333333 0.044444444444444446
2 0.715625 0.6949074074074074 0.010416666666666666 0.05092592592592592
0 0.3375 0.4291666666666667 0.007291666666666667 0.012037037037037037
2 0.40885416666666663 0.7587962962962963 0.009375 0.041666666666666664
2 0.5046875 0.6675925925925925 0.016666666666666666 0.053703703703703705
2 0.4932291666666667 0.7134259259259259 0.011458333333333333 0.05092592592592592
1 0.06380208333333337 0.6810185185185185 0.0140625 0.05462962962962963
2 0.88828125 0.5666666666666667 0.015104166666666667 0.05740740740740741
2 0.4625 0.6430555555555555 0.013541666666666667 0.058333333333333334
2 0.8822916666666667 0.6222222222222222 0.019791666666666666 0.05555555555555555
2 0.5239583333333333 0.5842592592592593 0.013541666666666667 0.06666666666666667
2 0.33281249999999996 0.6824074074074074 0.010416666666666666 0.053703703703703705
2 0.546875 0.625 0.0125 0.05740740740740741
2 0.7403645833333333 0.6541666666666667 0.0140625 0.05462962962962963
2 0.51640625 0.5226851851851853 0.015104166666666667 0.075
2 0.6114583333333333 0.3824074074074074 0.030208333333333334 0.08888888888888889
2 0.65390625 0.4898148148148148 0.0234375 0.07037037037037037
2 0.11250000000000004 0.46851851851851856 0.01875 0.08888888888888889
3 0.71171875 0.6185185185185185 0.015104166666666667 0.06481481481481481
2 0.3315104166666667 0.6064814814814814 0.013020833333333334 0.07037037037037037
2 0.35624999999999996 0.30879629629629635 0.020833333333333332 0.10092592592592593
3 0.8948854166666667 0.7717777777777778 0.010890625 0.046453703703703705
