0 0.8 0.4705729166666667 0.011111111111111112 0.005729166666666666
2 0.8591111111111112 0.5025052083333333 0.0515462962962963 0.014536458333333334
2 0.8018518518518518 0.5447916666666667 0.05740740740740741 0.016666666666666666
2 0.7453703703703703 0.7255208333333333 0.07222222222222222 0.016666666666666666
2 0.8287037037037037 0.43046875 0.04814814814814815 0.0203125
2 0.8212962962962963 0.3859375 0.05185185185185185 0.019791666666666666
2 0.8412037037037037 0.5630208333333333 0.05462962962962963 0.015625
2 0.7967592592592593 0.3690104166666667 0.06388888888888888 0.018229166666666668
2 0.8171296296296297 0.57578125 0.062037037037037036 0.0140625
2 0.7865740740740741 0.07734375 0.0712962962962963 0.0140625
2 0.7712962962962963 0.5359375 0.06481481481481481 0.01875
2 0.8064814814814815 0.33359375 0.06296296296296296 0.0171875
2 0.7833333333333333 0.18697916666666667 0.06666666666666667 0.019791666666666666
2 0.7111111111111111 0.21145833333333333 0.07962962962962963 0.011458333333333333
3 0.7456944444444444 0.34713541666666664 0.0712962962962963 0.024479166666666666
2 0.7078703703703704 0.0828125 0.07685185185185185 0.01875
2 0.7462962962962962 0.4231770833333333 0.07407407407407407 0.0234375
2 0.5893518518518519 0.47734375 0.09351851851851851 0.028645833333333332
2 0.787037037037037 0.6963541666666667 0.06666666666666667 0.023958333333333335
2 0.7527777777777778 0.5997395833333333 0.07222222222222222 0.025520833333333333
2 0.7152777777777778 0.56953125 0.06759259259259259 0.027604166666666666
2 0.6935185185185185 0.7942708333333334 0.07592592592592592 0.015625
