2 0.38355729166666674 0.8046481481481482 0.020380208333333334 0.058879629629629636
3 0.7711145833333334 0.8715833333333334 0.014020833333333335 0.06168518518518519
2 0.3901041666666667 0.7893518518518519 0.026041666666666668 0.0712962962962963
2 0.44166666666666665 0.8356481481481481 0.020833333333333332 0.05648148148148148
2 0.6059895833333333 0.8060185185185185 0.018229166666666668 0.06944444444444445
2 0.66796875 0.812037037037037 0.0140625 0.06666666666666667
2 0.5515625 0.8097222222222222 0.0125 0.06574074074074074
2 0.70859375 0.7587962962962963 0.0140625 0.0712962962962963
2 0.4861979166666667 0.8208333333333333 0.013020833333333334 0.06018518518518518
2 0.4559895833333333 0.8078703703703703 0.0171875 0.062037037037037036
2 0.7309895833333333 0.8134259259259259 0.013020833333333334 0.0712962962962963
2 0.32447916666666665 0.8240740740740741 0.021875 0.06481481481481481
2 0.21770833333333328 0.7949074074074074 0.013541666666666667 0.06944444444444445
2 0.6997395833333333 0.6976851851851852 0.019270833333333334 0.08425925925925926
3 0.54296875 0.7351851851851852 0.018229166666666668 0.07962962962962963
2 0.5197916666666667 0.774537037037037 0.013541666666666667 0.07314814814814814
2 0.7635416666666667 0.7597222222222222 0.019791666666666666 0.075
2 0.19453125000000004 0.7467592592592592 0.022395833333333334 0.07685185185185185
2 0.3421875 0.787037037037037 0.027083333333333334 0.06296296296296296
2 0.23203125000000002 0.674537037037037 0.0171875 0.08425925925925926
2 0.2963541666666667 0.7157407407407408 0.030208333333333334 0.07777777777777778
2 0.6072760416666667 0.8422592592592593 0.021104166666666667 0.06281481481481482
0 0.4339739583333333 0.8619907407407408 0.004666666666666667 0.009166666666666667
