2 0.8066111111111112 0.6377708333333333 0.059527777777777784 0.008833333333333334
2 0.8226851851851852 0.6450520833333333 0.04722222222222222 0.0109375
2 0.799537037037037 0.6322916666666667 0.05277777777777778 0.010416666666666666
2 0.8226851851851852 0.6065104166666667 0.049074074074074076 0.0140625
3 0.8342592592592593 0.19088541666666667 0.05 0.011979166666666667
2 0.8217592592592593 0.43307291666666664 0.04722222222222222 0.013020833333333334
2 0.7888888888888889 0.4635416666666667 0.05925925925925926 0.0125
2 0.7902777777777777 0.559375 0.06018518518518518 0.014583333333333334
2 0.7912037037037037 0.49375 0.05462962962962963 0.014583333333333334
2 0.7967592592592593 0.28177083333333336 0.05092592592592592 0.019791666666666666
2 0.7888888888888889 0.7549479166666667 0.05925925925925926 0.013020833333333334
2 0.7361111111111112 0.29583333333333334 0.06666666666666667 0.011458333333333333
2 0.7666666666666666 0.5963541666666666 0.05740740740740741 0.016666666666666666
2 0.750462962962963 0.7893229166666667 0.06759259259259259 0.0109375
2 0.7981481481481482 0.2596354166666667 0.06111111111111111 0.011979166666666667
2 0.6675925925925925 0.8296875 0.07777777777777778 0.010416666666666666
2 0.7037037037037037 0.7505208333333333 0.06851851851851852 0.013541666666666667
2 0.7310185185185185 0.19088541666666667 0.06759259259259259 0.021354166666666667
2 0.7259259259259259 0.46067708333333335 0.05925925925925926 0.021354166666666667
3 0.7398148148148148 0.553125 0.07037037037037037 0.014583333333333334
2 0.6430555555555555 0.24765625 0.08425925925925926 0.018229166666666668
