2 0.43333333333333335 0.68046875 0.040740740740740744 0.009895833333333333
2 0.32592592592592595 0.5473958333333333 0.02962962962962963 0.00625
3 0.9318703703703703 0.07765624999999998 0.0767037037037037 0.020942708333333334
2 0.6787037037037037 0.7091145833333333 0.05925925925925926 0.016145833333333335
2 0.6805555555555556 0.7221354166666667 0.053703703703703705 0.0296875
1 0.3541666666666667 0.76796875 0.03425925925925926 0.0140625
2 0.4074074074074074 0.66796875 0.03888888888888889 0.0078125
2 0.5166666666666667 0.7473958333333333 0.044444444444444446 0.0125
2 0.4476851851851852 0.6471354166666667 0.04537037037037037 0.0109375
2 0.29583333333333334 0.4091145833333333 0.032407407407407406 0.009895833333333333
2 0.40694444444444444 0.5447916666666667 0.04351851851851852 0.013541666666666667
2 0.3837962962962963 0.6361979166666667 0.041666666666666664 0.011979166666666667
2 0.36666666666666664 0.24791666666666667 0.037037037037037035 0.007291666666666667
2 0.33101851851851855 0.5359375 0.03425925925925926 0.008333333333333333
2 0.4537037037037037 0.42500000000000004 0.040740740740740744 0.010416666666666666
3 0.47129629629629627 0.5640625 0.046296296296296294 0.010416666666666666
2 0.624537037037037 0.8236979166666667 0.049074074074074076 0.0234375
2 0.5837962962962963 0.5919270833333333 0.06018518518518518 0.015104166666666667
2 0.5291666666666667 0.23958333333333337 0.04722222222222222 0.010416666666666666
2 0.5365740740740741 0.6588541666666667 0.05648148148148148 0.011458333333333333
2 0.44722222222222224 0.41041666666666665 0.04814814814814815 0.009375
2 0.6828703703703703 0.84609375 0.05277777777777778 0.024479166666666666
2 0.5962962962962963 0.11640625000000004 0.05925925925925926 0.013020833333333334
3 0.24004629629629629 0.5058697916666667 0.030953703703703702 0.008203125
