3 0.2033425925925926 0.5336979166666667 0.03211111111111111 0.0090625
2 0.2708333333333333 0.32343750000000004 0.032407407407407406 0.007291666666666667
0 0.513425925925926 0.10729166666666667 0.010185185185185186 0.00625
2 0.26944444444444443 0.5776041666666667 0.037037037037037035 0.011458333333333333
2 0.34629629629629627 0.6296875 0.044444444444444446 0.009375
2 0.3541666666666667 0.49244791666666665 0.04351851851851852 0.0109375
2 0.3814814814814815 0.4794270833333333 0.05185185185185185 0.009895833333333333
2 0.3296296296296296 0.6049479166666667 0.040740740740740744 0.0067708333333333336
1 0.35487037037037034 0.8629947916666667 0.05049074074074074 0.012552083333333333
2 0.500462962962963 0.5627604166666667 0.058333333333333334 0.0140625
2 0.4675925925925926 0.4434895833333333 0.06296296296296296 0.0109375
2 0.41574074074074074 0.27994791666666663 0.05 0.0109375
2 0.38796296296296295 0.5919270833333333 0.046296296296296294 0.013020833333333334
3 0.475 0.6145833333333333 0.053703703703703705 0.016666666666666666
2 0.38657407407407407 0.62265625 0.05092592592592592 0.011979166666666667
2 0.6106481481481482 0.28828125000000004 0.06759259259259259 0.011979166666666667
2 0.8560185185185185 0.58984375 0.07685185185185185 0.0171875
2 0.47685185185185186 0.7049479166666667 0.05925925925925926 0.013020833333333334
2 0.5037037037037037 0.47786458333333337 0.05925925925925926 0.0140625
2 0.6796296296296296 0.7109375 0.07962962962962963 0.022916666666666665
2 0.5166666666666667 0.6276041666666667 0.06111111111111111 0.01875
2 0.4685185185185185 0.07994791666666667 0.05555555555555555 0.022395833333333334
2 0.6203703703703703 0.22473958333333333 0.07222222222222222 0.016145833333333335
2 0.21325 0.5471406249999999 0.03241666666666666 0.009046875000000001
