2 0.2199074074074074 0.5138020833333333 0.032407407407407406 0.0067708333333333336
2 0.3314814814814815 0.6083333333333334 0.03888888888888889 0.00625
2 0.2810185185185185 0.30338541666666663 0.03425925925925926 0.008854166666666666
0 0.5851851851851851 0.3286458333333333 0.011111111111111112 0.007291666666666667
2 0.26851851851851855 0.5653645833333334 0.03333333333333333 0.009895833333333333
1 0.3439814814814815 0.8252604166666666 0.04537037037037037 0.009895833333333333
2 0.3449074074074074 0.6216145833333333 0.041666666666666664 0.008854166666666666
2 0.36898148148148147 0.46848958333333335 0.04722222222222222 0.0078125
2 0.4324074074074074 0.15859374999999998 0.05185185185185185 0.011979166666666667
2 0.37546296296296294 0.6096354166666667 0.04537037037037037 0.011979166666666667
2 0.36898148148148147 0.53125 0.03981481481481482 0.008333333333333333
2 0.3537037037037037 0.47916666666666663 0.04814814814814815 0.009375
2 0.4486111111111111 0.6234375 0.049074074074074076 0.0125
2 0.4449074074074074 0.6705729166666667 0.05092592592592592 0.009895833333333333
2 0.47824074074074074 0.4072916666666667 0.058333333333333334 0.015625
2 0.40370370370370373 0.34062499999999996 0.05 0.0125
3 0.9745370370370371 0.08098958333333328 0.049074074074074076 0.016145833333333335
3 0.44722222222222224 0.5888020833333334 0.05 0.0109375
2 0.575925925925926 0.42708333333333337 0.05555555555555555 0.016666666666666666
2 0.6342592592592593 0.7427083333333333 0.06666666666666667 0.015625
2 0.6532407407407408 0.2828125 0.0712962962962963 0.016666666666666666
2 0.8240740740740741 0.6625 0.07407407407407407 0.021875
2 0.5013888888888889 0.3614583333333333 0.05277777777777778 0.023958333333333335
2 0.5162037037037037 0.6341145833333333 0.05462962962962963 0.0109375
