2 0.68046875 0.5666666666666667 0.009895833333333333 0.040740740740740744
2 0.5473958333333333 0.674074074074074 0.00625 0.02962962962962963
3 0.07765624999999998 0.06812962962962965 0.020942708333333334 0.0767037037037037
2 0.7091145833333333 0.3212962962962963 0.016145833333333335 0.05925925925925926
2 0.7221354166666667 0.3194444444444444 0.0296875 0.053703703703703705
1 0.76796875 0.6458333333333333 0.0140625 0.03425925925925926
2 0.66796875 0.5925925925925926 0.0078125 0.03888888888888889
2 0.7473958333333333 0.4833333333333333 0.0125 0.044444444444444446
2 0.6471354166666667 0.5523148148148148 0.0109375 0.04537037037037037
2 0.4091145833333333 0.7041666666666666 0.009895833333333333 0.032407407407407406
2 0.5447916666666667 0.5930555555555556 0.013541666666666667 0.04351851851851852
2 0.6361979166666667 0.6162037037037037 0.011979166666666667 0.041666666666666664
2 0.24791666666666667 0.6333333333333333 0.007291666666666667 0.037037037037037035
2 0.5359375 0.6689814814814814 0.008333333333333333 0.03425925925925926
2 0.42500000000000004 0.5462962962962963 0.010416666666666666 0.040740740740740744
3 0.5640625 0.5287037037037037 0.010416666666666666 0.046296296296296294
2 0.8236979166666667 0.375462962962963 0.0234375 0.049074074074074076
2 0.5919270833333333 0.41620370370370374 0.015104166666666667 0.06018518518518518
2 0.23958333333333337 0.4708333333333333 0.010416666666666666 0.04722222222222222
2 0.6588541666666667 0.4634259259259259 0.011458333333333333 0.05648148148148148
2 0.41041666666666665 0.5527777777777778 0.009375 0.04814814814814815
2 0.84609375 0.31712962962962965 0.024479166666666666 0.05277777777777778
2 0.11640625000000004 0.4037037037037037 0.013020833333333334 0.05925925925925926
3 0.5058697916666667 0.7599537037037037 0.008203125 0.030953703703703702
