0 0.5111111111111111 0.20104166666666667 0.011111111111111112 0.005208333333333333
2 0.38425925925925924 0.44453125000000004 0.04259259259259259 0.008854166666666666
2 0.2824074074074074 0.4864583333333333 0.027777777777777776 0.00625
2 0.32083333333333336 0.28255208333333337 0.032407407407407406 0.0078125
2 0.3060185185185185 0.5401041666666666 0.032407407407407406 0.010416666666666666
2 0.37777777777777777 0.5872395833333333 0.04259259259259259 0.0078125
1 0.36875 0.775 0.04259259259259259 0.008333333333333333
2 0.3907407407407407 0.6044270833333334 0.040740740740740744 0.009895833333333333
2 0.42314814814814816 0.17421874999999998 0.03888888888888889 0.0109375
2 0.4425925925925926 0.6140625 0.04814814814814815 0.011458333333333333
2 0.475462962962963 0.6557291666666667 0.05277777777777778 0.011458333333333333
2 0.42916666666666664 0.6440104166666667 0.04351851851851852 0.0067708333333333336
2 0.4046296296296296 0.4520833333333333 0.04259259259259259 0.009375
2 0.4634259259259259 0.5645833333333333 0.04351851851851852 0.008333333333333333
2 0.7481481481481481 0.8104166666666667 0.06296296296296296 0.014583333333333334
2 0.475462962962963 0.3080729166666667 0.04351851851851852 0.0109375
2 0.5513888888888889 0.68359375 0.058333333333333334 0.0140625
2 0.6782407407407407 0.40598958333333335 0.0712962962962963 0.015104166666666667
3 0.5176759259259259 0.6068177083333334 0.05555555555555555 0.0125
2 0.6388888888888888 0.6065104166666666 0.06296296296296296 0.0140625
2 0.5083333333333333 0.4838541666666667 0.05740740740740741 0.010416666666666666
2 0.6143518518518518 0.265625 0.06018518518518518 0.014583333333333334
2 0.9740740740740741 0.1098958333333333 0.05 0.021875
2 0.6222222222222222 0.6893229166666667 0.06481481481481481 0.0171875
3 0.2509537037037037 0.4919895833333333 0.03551851851851852 0.009380208333333334
