3 0.24157407407407405 0.6480989583333334 0.02539814814814815 0.006932291666666667
1 0.362962962962963 0.01432291666666663 0.03888888888888889 0.011979166666666667
2 0.26064814814814813 0.34843749999999996 0.023148148148148147 0.00625
2 0.29074074074074074 0.6674479166666667 0.03148148148148148 0.009895833333333333
3 0.4263888888888889 0.5903645833333333 0.041666666666666664 0.0140625
2 0.4415648148148148 0.7048541666666667 0.03869444444444444 0.015286458333333334
2 0.46574074074074073 0.5893229166666667 0.05 0.015104166666666667
2 0.32916666666666666 0.5442708333333333 0.03611111111111111 0.0125
2 0.44537037037037036 0.47135416666666663 0.044444444444444446 0.008333333333333333
2 0.32083333333333336 0.5276041666666667 0.03611111111111111 0.008333333333333333
2 0.36527777777777776 0.7216145833333334 0.03981481481481482 0.013020833333333334
1 0.4166666666666667 0.9684895833333333 0.044444444444444446 0.018229166666666668
2 0.3587962962962963 0.6963541666666666 0.03611111111111111 0.010416666666666666
2 0.39305555555555555 0.46067708333333335 0.03796296296296296 0.0109375
2 0.4361111111111111 0.7619791666666667 0.044444444444444446 0.015625
2 0.35833333333333334 0.2651041666666667 0.037037037037037035 0.008333333333333333
2 0.5592592592592592 0.78359375 0.04814814814814815 0.021354166666666667
2 0.5 0.7841145833333334 0.05 0.0203125
2 0.5263888888888889 0.47968750000000004 0.05277777777777778 0.011458333333333333
2 0.8555555555555555 0.71015625 0.06851851851851852 0.021354166666666667
3 0.8962962962962963 0.03125 0.08148148148148149 0.022916666666666665
2 0.6759259259259259 0.7109375 0.06296296296296296 0.019791666666666666
2 0.625 0.42656249999999996 0.06296296296296296 0.026041666666666668
2 0.5777777777777777 0.7981770833333334 0.04814814814814815 0.025520833333333333
2 0.25435185185185183 0.5871302083333333 0.035611111111111114 0.008067708333333333
0 0.6499351851851851 0.43633333333333335 0.012675925925925926 0.006598958333333333
