2 0.7273148148148147 0.5005208333333333 0.028703703703703703 0.00625
2 0.6351851851851852 0.41770833333333335 0.037037037037037035 0.007291666666666667
2 0.6870370370370371 0.70078125 0.027777777777777776 0.0067708333333333336
2 0.6277777777777778 0.5518229166666667 0.03888888888888889 0.008854166666666666
2 0.7037037037037037 0.46536458333333336 0.03148148148148148 0.0078125
2 0.6375 0.5731770833333333 0.03425925925925926 0.008854166666666666
2 0.6078703703703704 0.40572916666666664 0.04537037037037037 0.008333333333333333
1 0.6273148148148149 0.23897395833333332 0.041666666666666664 0.0125
2 0.5837962962962964 0.7091145833333333 0.03981481481481482 0.0078125
2 0.5986111111111111 0.3963541666666667 0.04351851851851852 0.008333333333333333
2 0.5773148148148148 0.37265625 0.04351851851851852 0.008854166666666666
2 0.5898148148148148 0.46953125 0.03888888888888889 0.0078125
2 0.5717592592592593 0.5372395833333333 0.03981481481481482 0.011979166666666667
2 0.5657407407407408 0.35859375 0.044444444444444446 0.009895833333333333
3 0.5199074074074075 0.39869791666666665 0.04722222222222222 0.009895833333333333
2 0.48703703703703705 0.72890625 0.03888888888888889 0.015104166666666667
2 0.4634259259259259 0.37864583333333335 0.05277777777777778 0.009375
2 0.24768518518518523 0.20859375 0.062037037037037036 0.015104166666666667
2 0.5717592592592593 0.7927083333333333 0.04537037037037037 0.014583333333333334
2 0.4657407407407408 0.30755208333333334 0.05 0.013020833333333334
3 0.025925925925925908 0.8796875 0.05185185185185185 0.01875
2 0.4018518518518519 0.48854166666666665 0.05740740740740741 0.015625
2 0.3421296296296297 0.6942708333333333 0.06759259259259259 0.014583333333333334
3 0.7466111111111111 0.49747916666666664 0.027305555555555555 0.007104166666666667
0 0.5136018518518519 0.7413697916666667 0.009259259259259259 0.004927083333333334
