2 0.23472222222222222 0.73359375 0.049074074074074076 0.009895833333333333
2 0.20879629629629629 0.6442708333333333 0.04722222222222222 0.0125
2 0.33287037037037037 0.7315104166666666 0.05462962962962963 0.0140625
2 0.37175925925925923 0.8765625 0.05462962962962963 0.014583333333333334
2 0.3106481481481482 0.6572916666666666 0.058333333333333334 0.010416666666666666
2 0.42083333333333334 0.8744791666666667 0.07314814814814814 0.015625
2 0.25 0.36250000000000004 0.05185185185185185 0.009375
2 0.2875 0.5955729166666667 0.05277777777777778 0.009895833333333333
1 0.32175925925925924 0.12734374999999998 0.058333333333333334 0.013020833333333334
2 0.3490740740740741 0.5184895833333334 0.06481481481481481 0.013020833333333334
2 0.2777777777777778 0.4903645833333333 0.053703703703703705 0.0109375
2 0.35833333333333334 0.5515625 0.05925925925925926 0.0125
2 0.3560185185185185 0.33567708333333335 0.06018518518518518 0.018229166666666668
2 0.31712962962962965 0.8325520833333333 0.05648148148148148 0.0171875
3 0.37916666666666665 0.7239583333333333 0.0712962962962963 0.014583333333333334
2 0.4625 0.86171875 0.0787037037037037 0.016145833333333335
2 0.46111111111111114 0.5364583333333333 0.07407407407407407 0.019791666666666666
2 0.38935185185185184 0.6856770833333333 0.06574074074074074 0.018229166666666668
2 0.46805555555555556 0.17369791666666667 0.075 0.0171875
2 0.49074074074074076 0.82109375 0.07222222222222222 0.019270833333333334
2 0.5976851851851852 0.8416666666666667 0.09166666666666666 0.029166666666666667
2 0.7513888888888889 0.5104166666666667 0.10277777777777777 0.027083333333333334
3 0.2038611111111111 0.8047135416666666 0.04998148148148148 0.012213541666666666
0 0.3675555555555555 0.33853125000000006 0.011111111111111112 0.005984375
