2 0.7041666666666666 0.6109375 0.049074074074074076 0.014583333333333334
2 0.7388888888888889 0.65546875 0.044444444444444446 0.0109375
1 0.7194444444444444 0.962734375 0.04814814814814815 0.0140625
2 0.7018518518518518 0.7401041666666667 0.05 0.01875
2 0.7296296296296296 0.7244791666666667 0.05 0.010416666666666666
2 0.6949074074074074 0.6489583333333333 0.05092592592592592 0.013541666666666667
2 0.625 0.14036458333333332 0.06296296296296296 0.015104166666666667
2 0.750462962962963 0.5078125 0.04351851851851852 0.022916666666666665
2 0.6949074074074074 0.75234375 0.05277777777777778 0.013020833333333334
2 0.6212962962962962 0.6119791666666666 0.05925925925925926 0.014583333333333334
2 0.5583333333333333 0.7265625 0.07037037037037037 0.021875
2 0.7361111111111112 0.26901041666666664 0.046296296296296294 0.016145833333333335
2 0.6310185185185185 0.15677083333333333 0.06018518518518518 0.013541666666666667
2 0.6777777777777778 0.41770833333333335 0.05925925925925926 0.016666666666666666
2 0.5925925925925926 0.6877604166666667 0.05555555555555555 0.030729166666666665
2 0.686574074074074 0.19244791666666666 0.05648148148148148 0.0140625
3 0.7032407407407407 0.446875 0.05462962962962963 0.014583333333333334
2 0.5689814814814815 0.6682291666666667 0.0712962962962963 0.025
2 0.5050925925925926 0.47734375 0.075 0.018229166666666668
2 0.5851851851851853 0.14869791666666668 0.07222222222222222 0.0203125
2 0.6185185185185185 0.5408854166666667 0.06111111111111111 0.0171875
2 0.6856481481481482 0.3333333333333333 0.05277777777777778 0.020833333333333332
0 0.7208611111111111 0.6586197916666666 0.009305555555555556 0.005135416666666667
