2 0.47005208333333337 0.6888888888888889 0.008854166666666666 0.03333333333333333
2 0.40859375 0.7 0.0078125 0.02962962962962963
2 0.5493177083333334 0.6934444444444445 0.013161458333333332 0.03348148148148148
2 0.4877604166666667 0.6837962962962962 0.009895833333333333 0.032407407407407406
3 0.4701822916666667 0.6443703703703704 0.013041666666666667 0.04089814814814815
2 0.5067708333333334 0.637962962962963 0.013541666666666667 0.040740740740740744
2 0.3162239583333334 0.5624907407407407 0.018588541666666666 0.054648148148148154
2 0.5235468750000001 0.6699166666666667 0.013963541666666666 0.03345370370370371
2 0.27604166666666663 0.6726851851851852 0.013541666666666667 0.03611111111111111
2 0.6583333333333333 0.6453703703703704 0.014583333333333334 0.03888888888888889
2 0.7122395833333333 0.6226851851851851 0.015104166666666667 0.04537037037037037
2 0.41093749999999996 0.6449074074074075 0.010416666666666666 0.03796296296296296
2 0.7052083333333333 0.6574074074074074 0.014583333333333334 0.044444444444444446
1 0.9229166666666666 0.6393518518518518 0.01875 0.04537037037037037
2 0.6997395833333333 0.5287037037037037 0.021354166666666667 0.05
2 0.61796875 0.5949074074074074 0.018229166666666668 0.049074074074074076
2 0.5369791666666667 0.6203703703703703 0.014583333333333334 0.044444444444444446
2 0.21744791666666663 0.5717592592592593 0.0171875 0.058333333333333334
3 0.01692708333333337 0.17500000000000004 0.033854166666666664 0.10185185185185185
2 0.26197916666666665 0.4837962962962963 0.023958333333333335 0.05092592592592592
2 0.22578125000000004 0.3388888888888889 0.030729166666666665 0.08888888888888889
0 0.5636510416666667 0.6814907407407407 0.005109375 0.012092592592592592
3 0.6184010416666668 0.7205185185185186 0.010760416666666666 0.03625
2 0.5100364583333333 0.6954444444444444 0.01625 0.03529629629629629
2 0.3026302083333333 0.6823703703703703 0.010791666666666666 0.04100925925925926
