1 0.8869791666666667 0.6263888888888889 0.011458333333333333 0.049074074074074076
2 0.6471354166666667 0.6939814814814815 0.0067708333333333336 0.030555555555555555
2 0.68359375 0.65 0.008854166666666666 0.037037037037037035
3 0.0726927083333333 0.19987962962962968 0.041213541666666666 0.10764814814814816
2 0.1947916666666667 0.6305555555555555 0.010416666666666666 0.040740740740740744
2 0.66484375 0.6481481481481481 0.009895833333333333 0.040740740740740744
2 0.21484375 0.6578703703703703 0.009895833333333333 0.03796296296296296
3 0.5028541666666666 0.6335833333333334 0.008895833333333332 0.04075925925925926
2 0.7822916666666666 0.6143518518518518 0.010416666666666666 0.04722222222222222
2 0.4966145833333333 0.7023148148148148 0.008854166666666666 0.032407407407407406
2 0.5106770833333334 0.6324074074074074 0.008854166666666666 0.04259259259259259
2 0.46354166666666663 0.6842592592592592 0.008333333333333333 0.03333333333333333
2 0.34739583333333335 0.6296296296296297 0.009375 0.04259259259259259
2 0.45286458333333335 0.561574074074074 0.015104166666666667 0.05277777777777778
2 0.43515625 0.5574074074074074 0.011979166666666667 0.04814814814814815
2 0.8315104166666667 0.5138888888888888 0.013020833333333334 0.05
2 0.73828125 0.5842592592592593 0.0140625 0.044444444444444446
2 0.546875 0.6046296296296296 0.010416666666666666 0.044444444444444446
2 0.1322916666666667 0.6018518518518519 0.0125 0.04814814814814815
2 0.22734374999999996 0.5430555555555556 0.0140625 0.06018518518518518
2 0.36979166666666663 0.41712962962962963 0.015625 0.06944444444444445
2 0.5138020833333333 0.3587962962962963 0.025520833333333333 0.08425925925925926
3 0.6063958333333332 0.7274074074074075 0.007859375 0.032212962962962964
2 0.6799895833333334 0.6666851851851852 0.008328125 0.04276851851851852
0 0.8173177083333334 0.49184259259259266 0.006119791666666667 0.012046296296296296
