2 0.6731481481481482 0.45364583333333336 0.03888888888888889 0.011458333333333333
2 0.674074074074074 0.42734375 0.03888888888888889 0.011979166666666667
3 0.6435185185185186 0.47578125 0.04259259259259259 0.011979166666666667
2 0.649537037037037 0.31927083333333334 0.04537037037037037 0.010416666666666666
2 0.5763888888888888 0.18619791666666666 0.05462962962962963 0.009895833333333333
2 0.6435185185185186 0.5721354166666667 0.044444444444444446 0.008854166666666666
2 0.6453703703703704 0.6026041666666667 0.046296296296296294 0.010416666666666666
2 0.6356481481481482 0.21901041666666668 0.04722222222222222 0.008854166666666666
1 0.6373611111111112 0.9671875 0.05092592592592592 0.011458333333333333
2 0.6208333333333333 0.3768229166666667 0.049074074074074076 0.0109375
2 0.6018518518518519 0.5151041666666667 0.04814814814814815 0.010416666666666666
2 0.5805555555555555 0.34348958333333335 0.053703703703703705 0.0109375
2 0.5777777777777777 0.6723958333333333 0.05925925925925926 0.0125
2 0.5638888888888889 0.3697916666666667 0.05925925925925926 0.011458333333333333
2 0.38935185185185184 0.24583333333333332 0.0824074074074074 0.014583333333333334
2 0.5324074074074074 0.6416666666666667 0.06481481481481481 0.015625
2 0.4652777777777778 0.7166666666666667 0.06574074074074074 0.015625
2 0.30000000000000004 0.8036458333333333 0.09814814814814815 0.022916666666666665
3 0.25370370370370365 0.898 0.1 0.03524479166666667
3 0.7118055555555556 0.2585677083333333 0.03537962962962963 0.0085
2 0.6845833333333333 0.32734375 0.03431481481481482 0.011098958333333332
2 0.685287037037037 0.3514583333333333 0.037175925925925925 0.01571875
0 0.6633796296296296 0.400703125 0.009796296296296296 0.004520833333333333
2 0.7128148148148148 0.522484375 0.037009259259259256 0.012848958333333334
2 0.6957314814814815 0.5668645833333333 0.0362962962962963 0.012807291666666666
