2 0.6023148148148147 0.37161458333333336 0.032407407407407406 0.0067708333333333336
2 0.5949074074074074 0.5763020833333333 0.03425925925925926 0.013020833333333334
2 0.5532407407407407 0.2747395833333333 0.04537037037037037 0.0078125
3 0.5504629629629629 0.4072395833333333 0.041666666666666664 0.0125
2 0.6 0.4236979166666667 0.03148148148148148 0.008854166666666666
1 0.6106481481481482 0.7473958333333334 0.030555555555555555 0.008333333333333333
2 0.5472222222222223 0.6015625 0.040740740740740744 0.013541666666666667
2 0.47958333333333336 0.6590104166666666 0.05010185185185185 0.019484374999999998
2 0.5472222222222223 0.22109375 0.046296296296296294 0.0078125
3 0.40095370370370365 0.7972083333333334 0.06290740740740741 0.023291666666666665
2 0.5453703703703704 0.5453125 0.04259259259259259 0.0125
2 0.48518518518518516 0.48046875 0.05185185185185185 0.009895833333333333
2 0.5115740740740741 0.646875 0.05092592592592592 0.013541666666666667
2 0.4990740740740741 0.334375 0.053703703703703705 0.013541666666666667
2 0.4824074074074074 0.5044270833333333 0.046296296296296294 0.008854166666666666
2 0.44074074074074077 0.6018229166666667 0.05555555555555555 0.011979166666666667
2 0.48842592592592593 0.3546875 0.05092592592592592 0.014583333333333334
2 0.5037037037037038 0.51796875 0.05185185185185185 0.0109375
2 0.36851851851851847 0.3015625 0.06851851851851852 0.014583333333333334
2 0.4120370370370371 0.1515625 0.06111111111111111 0.011458333333333333
2 0.3680555555555556 0.36640625 0.06944444444444445 0.016145833333333335
2 0.55875 0.5820416666666667 0.03713888888888889 0.012802083333333332
2 0.5883425925925927 0.5953333333333333 0.03543518518518519 0.011567708333333334
3 0.662537037037037 0.22013541666666667 0.030027777777777778 0.007604166666666666
