2 0.29907407407407405 0.48307291666666663 0.03148148148148148 0.011979166666666667
3 0.2883703703703704 0.7140052083333333 0.03621296296296296 0.009375
2 0.3106481481481482 0.5807291666666667 0.028703703703703703 0.009375
2 0.31574074074074077 0.6083333333333334 0.03333333333333333 0.015625
3 0.3578703703703704 0.5203125 0.041666666666666664 0.008333333333333333
2 0.3236111111111111 0.42604166666666665 0.03796296296296296 0.009375
2 0.3347222222222222 0.59921875 0.03981481481481482 0.011979166666666667
2 0.37222222222222223 0.5635416666666666 0.046296296296296294 0.0125
2 0.32314814814814813 0.4067708333333333 0.040740740740740744 0.008333333333333333
2 0.35138888888888886 0.69375 0.04537037037037037 0.010416666666666666
2 0.3662037037037037 0.48046875 0.04351851851851852 0.009895833333333333
1 0.3685185185185185 0.018750000000000044 0.05 0.010416666666666666
2 0.36157407407407405 0.81015625 0.04722222222222222 0.009895833333333333
2 0.4305555555555556 0.7947916666666667 0.05555555555555555 0.015625
2 0.44814814814814813 0.3533854166666667 0.05925925925925926 0.011979166666666667
2 0.4050925925925926 0.56796875 0.05092592592592592 0.011979166666666667
2 0.4166666666666667 0.5861979166666667 0.05555555555555555 0.0140625
2 0.425 0.3145833333333333 0.05925925925925926 0.011458333333333333
2 0.5078703703703704 0.3286458333333333 0.062037037037037036 0.017708333333333333
2 0.5935185185185186 0.7268229166666667 0.07962962962962963 0.019270833333333334
2 0.6935185185185185 0.16979166666666667 0.0962962962962963 0.020833333333333332
2 0.314962962962963 0.600484375 0.0342962962962963 0.010843750000000001
0 0.3051574074074074 0.5887552083333334 0.00787037037037037 0.004598958333333333
2 0.2965740740740741 0.50915625 0.03529629629629629 0.010692708333333334
3 0.7690925925925925 0.12692187500000007 0.10857407407407407 0.0306875
