2 0.7023148148148148 0.6518229166666667 0.026851851851851852 0.0067708333333333336
2 0.7041666666666666 0.49713541666666666 0.03796296296296296 0.008854166666666666
2 0.6134259259259259 0.43255208333333334 0.049074074074074076 0.009895833333333333
2 0.7023148148148148 0.3768229166666667 0.032407407407407406 0.0078125
3 0.6430555555555555 0.5510416666666667 0.04351851851851852 0.00625
2 0.6412037037037037 0.45651041666666664 0.04537037037037037 0.0078125
2 0.6782407407407407 0.6098958333333333 0.04351851851851852 0.009375
2 0.6671296296296296 0.2903645833333333 0.04537037037037037 0.008854166666666666
2 0.6708333333333334 0.44244791666666666 0.04351851851851852 0.0067708333333333336
2 0.6134259259259259 0.5776041666666667 0.04537037037037037 0.009375
2 0.6296296296296297 0.6880208333333333 0.04814814814814815 0.007291666666666667
2 0.6398148148148148 0.72578125 0.05 0.0078125
2 0.5912037037037037 0.7489583333333333 0.05648148148148148 0.010416666666666666
2 0.5986111111111111 0.42552083333333335 0.05092592592592592 0.014583333333333334
2 0.6087962962962963 0.22473958333333333 0.05277777777777778 0.009895833333333333
2 0.49629629629629635 0.7328125 0.07037037037037037 0.014583333333333334
2 0.49444444444444446 0.2234375 0.06296296296296296 0.0125
2 0.31481481481481477 0.7041666666666667 0.09259259259259259 0.030208333333333334
3 0.7200648148148148 0.3170208333333333 0.03353703703703704 0.009958333333333335
0 0.6632870370370371 0.32902604166666666 0.01074074074074074 0.004578125
2 0.7194814814814815 0.5789635416666666 0.039796296296296295 0.009369791666666665
