2 0.674074074074074 0.24739583333333334 0.040740740740740744 0.007291666666666667
1 0.6679814814814815 0.237671875 0.04049074074074074 0.011093750000000001
2 0.7148148148148148 0.4083333333333333 0.03518518518518519 0.008333333333333333
2 0.6788518518518518 0.27646875000000004 0.04416666666666667 0.008697916666666666
2 0.6925925925925926 0.28828125 0.03888888888888889 0.0078125
2 0.7027777777777777 0.3768229166666667 0.040740740740740744 0.008854166666666666
2 0.6574074074074074 0.4276041666666667 0.04259259259259259 0.008333333333333333
3 0.6787037037037037 0.48854166666666665 0.03888888888888889 0.008333333333333333
2 0.6434814814814815 0.2698177083333333 0.048231481481481486 0.012447916666666666
2 0.6212962962962962 0.43828125 0.05 0.011979166666666667
2 0.6888888888888889 0.8109375 0.037037037037037035 0.0125
2 0.6759259259259259 0.8822916666666667 0.04259259259259259 0.010416666666666666
2 0.6490740740740741 0.9192708333333334 0.04814814814814815 0.010416666666666666
2 0.6671296296296296 0.6651041666666667 0.04537037037037037 0.009375
2 0.5587962962962962 0.4947916666666667 0.049074074074074076 0.010416666666666666
2 0.5287037037037037 0.3296875 0.05740740740740741 0.0125
2 0.6287037037037038 0.5677083333333334 0.046296296296296294 0.0125
3 0.18425925925925923 0.9256354166666667 0.11481481481481481 0.025520833333333333
2 0.5921296296296297 0.7239583333333334 0.05648148148148148 0.01875
3 0.7570555555555556 0.403890625 0.031574074074074074 0.008906250000000001
2 0.712324074074074 0.42546875 0.034944444444444445 0.010838541666666666
2 0.6769907407407407 0.42841145833333333 0.03962037037037037 0.010890625
