2 0.7526041666666666 0.674074074074074 0.007291666666666667 0.040740740740740744
1 0.762328125 0.6679814814814815 0.011093750000000001 0.04049074074074074
2 0.5916666666666667 0.7148148148148148 0.008333333333333333 0.03518518518518519
2 0.72353125 0.6788518518518518 0.008697916666666666 0.04416666666666667
2 0.71171875 0.6925925925925926 0.0078125 0.03888888888888889
2 0.6231770833333333 0.7027777777777777 0.008854166666666666 0.040740740740740744
2 0.5723958333333333 0.6574074074074074 0.008333333333333333 0.04259259259259259
3 0.5114583333333333 0.6787037037037037 0.008333333333333333 0.03888888888888889
2 0.7301822916666667 0.6434814814814815 0.012447916666666666 0.048231481481481486
2 0.56171875 0.6212962962962962 0.011979166666666667 0.05
2 0.18906250000000002 0.6888888888888889 0.0125 0.037037037037037035
2 0.1177083333333333 0.6759259259259259 0.010416666666666666 0.04259259259259259
2 0.08072916666666663 0.6490740740740741 0.010416666666666666 0.04814814814814815
2 0.3348958333333333 0.6671296296296296 0.009375 0.04537037037037037
2 0.5052083333333333 0.5587962962962962 0.010416666666666666 0.049074074074074076
2 0.6703125 0.5287037037037037 0.0125 0.05740740740740741
2 0.43229166666666663 0.6287037037037038 0.0125 0.046296296296296294
3 0.07436458333333329 0.18425925925925923 0.025520833333333333 0.11481481481481481
2 0.27604166666666663 0.5921296296296297 0.01875 0.05648148148148148
3 0.5961093749999999 0.7570555555555556 0.008906250000000001 0.031574074074074074
2 0.5745312499999999 0.712324074074074 0.010838541666666666 0.034944444444444445
2 0.5715885416666666 0.6769907407407407 0.010890625 0.03962037037037037
