2 0.3976851851851852 0.6283854166666667 0.032407407407407406 0.0067708333333333336
2 0.4050925925925926 0.4236979166666667 0.03425925925925926 0.013020833333333334
2 0.44675925925925924 0.7252604166666667 0.04537037037037037 0.0078125
3 0.449537037037037 0.5927604166666667 0.041666666666666664 0.0125
2 0.4 0.5763020833333333 0.03148148148148148 0.008854166666666666
1 0.38935185185185184 0.25260416666666663 0.030555555555555555 0.008333333333333333
2 0.4527777777777778 0.3984375 0.040740740740740744 0.013541666666666667
2 0.5204166666666666 0.3409895833333334 0.05010185185185185 0.019484374999999998
2 0.4527777777777778 0.77890625 0.046296296296296294 0.0078125
3 0.5990462962962964 0.2027916666666666 0.06290740740740741 0.023291666666666665
2 0.4546296296296296 0.4546875 0.04259259259259259 0.0125
2 0.5148148148148148 0.51953125 0.05185185185185185 0.009895833333333333
2 0.48842592592592593 0.353125 0.05092592592592592 0.013541666666666667
2 0.5009259259259259 0.665625 0.053703703703703705 0.013541666666666667
2 0.5175925925925926 0.4955729166666667 0.046296296296296294 0.008854166666666666
2 0.5592592592592592 0.39817708333333335 0.05555555555555555 0.011979166666666667
2 0.5115740740740741 0.6453125 0.05092592592592592 0.014583333333333334
2 0.4962962962962963 0.48203125 0.05185185185185185 0.0109375
2 0.6314814814814815 0.6984375 0.06851851851851852 0.014583333333333334
2 0.5879629629629629 0.8484375 0.06111111111111111 0.011458333333333333
2 0.6319444444444444 0.63359375 0.06944444444444445 0.016145833333333335
2 0.44125000000000003 0.4179583333333333 0.03713888888888889 0.012802083333333332
2 0.41165740740740736 0.40466666666666673 0.03543518518518519 0.011567708333333334
3 0.33746296296296296 0.7798645833333333 0.030027777777777778 0.007604166666666666
