3 0.7049479166666667 0.725462962962963 0.008854166666666666 0.028703703703703703
0 0.5302083333333334 0.3296296296296296 0.00625 0.011111111111111112
2 0.5661354166666667 0.37217592592592597 0.028244791666666665 0.055462962962962964
2 0.8377604166666667 0.34490740740740744 0.022395833333333334 0.0712962962962963
2 0.390625 0.6166666666666667 0.009375 0.04814814814814815
2 0.5098958333333333 0.6111111111111112 0.010416666666666666 0.04814814814814815
2 0.70078125 0.38148148148148153 0.013020833333333334 0.06851851851851852
2 0.6265625 0.3231481481481482 0.015625 0.06111111111111111
2 0.3471354166666667 0.6226851851851851 0.0140625 0.04722222222222222
2 0.7518229166666667 0.5078703703703704 0.0109375 0.05648148148148148
3 0.6732239583333334 0.5240740740740741 0.013020833333333334 0.05740740740740741
2 0.6419270833333333 0.33287037037037037 0.021354166666666667 0.075
2 0.6830729166666667 0.6236111111111111 0.015104166666666667 0.04722222222222222
3 0.030468750000000044 0.2587962962962963 0.022395833333333334 0.0787037037037037
2 0.3572916666666667 0.461574074074074 0.016666666666666666 0.05648148148148148
2 0.79296875 0.3925925925925926 0.018229166666666668 0.07037037037037037
2 0.6817708333333333 0.36898148148148147 0.022916666666666665 0.06574074074074074
2 0.7119791666666666 0.3407407407407408 0.015625 0.06296296296296296
2 0.4638020833333333 0.5185185185185186 0.013020833333333334 0.053703703703703705
2 0.28125 0.5833333333333333 0.014583333333333334 0.053703703703703705
2 0.11510416666666667 0.399537037037037 0.014583333333333334 0.07314814814814814
2 0.6203125 0.47685185185185186 0.014583333333333334 0.06296296296296296
2 0.45833333333333337 0.375 0.016666666666666666 0.06296296296296296
2 0.5508854166666667 0.7086944444444444 0.009598958333333333 0.041435185185185186
