3 0.8050925925925926 0.3046875 0.03425925925925926 0.010416666666666666
2 0.7671296296296296 0.5697916666666667 0.041666666666666664 0.010416666666666666
2 0.7481481481481482 0.3580729166666667 0.044444444444444446 0.0109375
2 0.688425925925926 0.37395833333333334 0.05277777777777778 0.010416666666666666
0 0.36342592592592593 0.6653645833333334 0.013888888888888888 0.0078125
2 0.7194444444444444 0.63828125 0.05185185185185185 0.016145833333333335
2 0.37916666666666665 0.6908854166666667 0.0824074074074074 0.0234375
2 0.6032407407407407 0.3731770833333333 0.049074074074074076 0.013020833333333334
2 0.6828703703703703 0.5778645833333333 0.05462962962962963 0.011979166666666667
2 0.7041666666666666 0.4549479166666667 0.05277777777777778 0.011979166666666667
2 0.4564814814814815 0.3026041666666667 0.07592592592592592 0.01875
2 0.6902777777777778 0.27421875 0.058333333333333334 0.011979166666666667
2 0.6342592592592593 0.4041666666666667 0.05925925925925926 0.013541666666666667
2 0.6856481481481482 0.25390625 0.05092592592592592 0.013020833333333334
3 0.5541666666666667 0.3731770833333333 0.06944444444444445 0.0140625
2 0.6837962962962962 0.6557291666666667 0.058333333333333334 0.0125
2 0.6328703703703704 0.22786458333333334 0.06388888888888888 0.013020833333333334
2 0.6152777777777778 0.62265625 0.06574074074074074 0.013020833333333334
2 0.3314814814814815 0.25755208333333335 0.08703703703703704 0.0265625
2 0.4287037037037037 0.5893229166666667 0.07222222222222222 0.0234375
2 0.6675925925925925 0.8299479166666667 0.05555555555555555 0.0140625
2 0.19861111111111107 0.4348958333333333 0.09907407407407408 0.036458333333333336
2 0.5203703703703704 0.24765625 0.07037037037037037 0.0140625
