3 0.46484375 0.7865740740740741 0.0109375 0.03981481481481482
2 0.5612604166666666 0.6621203703703704 0.010302083333333333 0.052833333333333336
1 0.8458333333333333 0.6532407407407408 0.013541666666666667 0.062037037037037036
2 0.48072916666666665 0.7046296296296296 0.01875 0.044444444444444446
2 0.740625 0.5620370370370371 0.01875 0.07222222222222222
2 0.566015625 0.633 0.02109375 0.05067592592592592
2 0.6161458333333334 0.6337962962962963 0.010416666666666666 0.05462962962962963
2 0.5903645833333333 0.6578703703703703 0.0140625 0.058333333333333334
2 0.6854166666666667 0.5671296296296297 0.016666666666666666 0.06759259259259259
2 0.50625 0.6986111111111111 0.016666666666666666 0.04537037037037037
2 0.39453125 0.6875 0.0171875 0.05462962962962963
2 0.6653645833333333 0.6013888888888889 0.0140625 0.06388888888888888
2 0.7046875 0.5745370370370371 0.015625 0.058333333333333334
3 0.42500000000000004 0.5652777777777778 0.013541666666666667 0.06759259259259259
2 0.4463541666666667 0.6833333333333333 0.01875 0.05185185185185185
2 0.09661458333333328 0.5916666666666667 0.009895833333333333 0.06296296296296296
2 0.3861979166666667 0.6078703703703704 0.0234375 0.058333333333333334
2 0.1674479166666667 0.5972222222222222 0.018229166666666668 0.06666666666666667
2 0.14921874999999996 0.5300925925925926 0.016145833333333335 0.06944444444444445
2 0.571875 0.5476851851851852 0.016666666666666666 0.062037037037037036
2 0.09791666666666665 0.47962962962962963 0.017708333333333333 0.07777777777777778
2 0.68515625 0.5818055555555556 0.022880208333333332 0.060564814814814814
0 0.3961510416666666 0.5985185185185184 0.006093749999999999 0.012814814814814815
