3 0.7989583333333333 0.7981481481481482 0.013541666666666667 0.044444444444444446
2 0.50234375 0.7824074074074074 0.009895833333333333 0.04259259259259259
2 0.5484375 0.7972222222222223 0.011458333333333333 0.05185185185185185
2 0.4033854166666667 0.8032407407407407 0.013020833333333334 0.049074074074074076
2 0.57421875 0.7333333333333334 0.0109375 0.05185185185185185
3 0.43515625 0.7041666666666666 0.015104166666666667 0.058333333333333334
2 0.4453125 0.7050925925925926 0.0125 0.058333333333333334
2 0.37421875000000004 0.7722222222222223 0.015104166666666667 0.05
2 0.58984375 0.6671296296296296 0.019270833333333334 0.06574074074074074
2 0.7622395833333333 0.7578703703703704 0.016145833333333335 0.05277777777777778
2 0.2182291666666667 0.6300925925925926 0.013541666666666667 0.06944444444444445
2 0.6544270833333333 0.7143518518518519 0.013020833333333334 0.058333333333333334
2 0.1802083333333333 0.5990740740740741 0.019791666666666666 0.07222222222222222
2 0.80625 0.6416666666666666 0.011458333333333333 0.06666666666666667
2 0.5403645833333333 0.6717592592592593 0.015104166666666667 0.06574074074074074
2 0.42213541666666665 0.6337962962962963 0.013020833333333334 0.06388888888888888
2 0.24114583333333328 0.6717592592592593 0.014583333333333334 0.06574074074074074
2 0.6505208333333333 0.5578703703703703 0.016666666666666666 0.07314814814814814
2 0.09687500000000004 0.44398148148148153 0.019791666666666666 0.0787037037037037
2 0.39583333333333337 0.45092592592592595 0.01875 0.10185185185185185
2 0.6182291666666666 0.43194444444444446 0.027083333333333334 0.08425925925925926
2 0.07682291666666663 0.36990740740740746 0.021354166666666667 0.08611111111111111
0 0.6566354166666667 0.6884537037037037 0.005380208333333333 0.012333333333333333
