3 0.6078125 0.7564814814814815 0.010416666666666666 0.03148148148148148
0 0.8794270833333333 0.49490740740740746 0.005729166666666666 0.010185185185185186
2 0.49921875000000004 0.6101851851851852 0.018229166666666668 0.044444444444444446
2 0.81171875 0.5791666666666666 0.018229166666666668 0.05462962962962963
2 0.1401041666666667 0.5444444444444445 0.013541666666666667 0.05925925925925926
2 0.8341145833333333 0.5291666666666667 0.024479166666666666 0.05277777777777778
2 0.6864583333333334 0.5921296296296297 0.017708333333333333 0.049074074074074076
2 0.16328125000000004 0.3675925925925926 0.016145833333333335 0.07407407407407407
2 0.4471354166666667 0.6810185185185185 0.016145833333333335 0.03611111111111111
2 0.67109375 0.6518518518518519 0.018229166666666668 0.03888888888888889
2 0.26588541666666665 0.5893518518518519 0.0140625 0.05462962962962963
2 0.4565104166666667 0.5574074074074074 0.019270833333333334 0.053703703703703705
2 0.3651041666666667 0.6453703703703704 0.017708333333333333 0.046296296296296294
2 0.7989583333333333 0.5287037037037037 0.023958333333333335 0.05740740740740741
2 0.5192708333333333 0.5504629629629629 0.015625 0.05092592592592592
3 0.6333333333333333 0.5138888888888888 0.023958333333333335 0.05555555555555555
2 0.31770833333333337 0.5375 0.0125 0.05648148148148148
2 0.44505208333333335 0.4842592592592593 0.018229166666666668 0.05740740740740741
2 0.3416666666666667 0.3944444444444445 0.020833333333333332 0.06296296296296296
2 0.2911458333333333 0.5087962962962963 0.017708333333333333 0.06018518518518518
2 0.8057291666666666 0.44861111111111107 0.016666666666666666 0.06574074074074074
2 0.825 0.43148148148148147 0.020833333333333332 0.06481481481481481
2 0.33567708333333335 0.4662037037037037 0.022395833333333334 0.05648148148148148
