0 0.45442708333333337 0.37083333333333335 0.008854166666666666 0.01574074074074074
3 0.6395833333333334 0.8106481481481481 0.009375 0.03981481481481482
2 0.33567708333333335 0.6981481481481482 0.0171875 0.05185185185185185
2 0.42552083333333335 0.7402777777777778 0.010416666666666666 0.04537037037037037
2 0.6442708333333333 0.6375 0.017708333333333333 0.04722222222222222
2 0.3614583333333333 0.6009259259259259 0.013541666666666667 0.06481481481481481
2 0.66640625 0.7189814814814814 0.013020833333333334 0.04722222222222222
2 0.46406250000000004 0.3925925925925926 0.023958333333333335 0.08333333333333333
2 0.35963541666666665 0.5421296296296296 0.015104166666666667 0.0712962962962963
2 0.6947916666666667 0.6421296296296296 0.013541666666666667 0.062037037037037036
2 0.5700520833333333 0.26388888888888884 0.024479166666666666 0.08333333333333333
2 0.5614583333333334 0.662037037037037 0.015625 0.05925925925925926
2 0.6052083333333333 0.24444444444444446 0.025 0.09074074074074075
2 0.5453125 0.3847222222222222 0.019791666666666666 0.08796296296296297
2 0.3174479166666667 0.6402777777777777 0.013020833333333334 0.06388888888888888
2 0.71484375 0.6342592592592593 0.015104166666666667 0.06296296296296296
2 0.10807291666666663 0.6074074074074074 0.015104166666666667 0.06296296296296296
3 0.6257395833333332 0.5287037037037037 0.016145833333333335 0.07222222222222222
2 0.4916666666666667 0.5731481481481482 0.016666666666666666 0.06851851851851852
2 0.5895833333333333 0.5032407407407408 0.021875 0.06944444444444445
2 0.15442708333333333 0.3282407407407407 0.0234375 0.09537037037037037
2 0.7432291666666666 0.5587962962962962 0.027083333333333334 0.07314814814814814
2 0.3666666666666667 0.3486111111111111 0.020833333333333332 0.08425925925925926
