2 0.7574074074074074 0.47552083333333334 0.040740740740740744 0.011458333333333333
2 0.7398148148148148 0.4822916666666667 0.040740740740740744 0.008333333333333333
2 0.6944444444444444 0.5950520833333334 0.040740740740740744 0.008854166666666666
3 0.7726851851851853 0.19270833333333334 0.03796296296296296 0.009375
3 0.6648148148148147 0.5582864583333333 0.053703703703703705 0.010416666666666666
2 0.7273148148148147 0.6453125 0.049074074074074076 0.0125
2 0.662037037037037 0.3893229166666667 0.05740740740740741 0.009895833333333333
2 0.5675925925925926 0.7934895833333333 0.06851851851851852 0.018229166666666668
2 0.7050925925925926 0.4278645833333333 0.05277777777777778 0.0109375
2 0.6578703703703703 0.5979166666666667 0.05277777777777778 0.011458333333333333
2 0.6587962962962963 0.409375 0.05462962962962963 0.009375
2 0.7277777777777779 0.6291666666666667 0.04814814814814815 0.011458333333333333
2 0.6157407407407407 0.7466145833333333 0.05740740740740741 0.0109375
2 0.6106481481481482 0.07786458333333333 0.062037037037037036 0.009895833333333333
2 0.7148148148148148 0.21354166666666666 0.04814814814814815 0.014583333333333334
2 0.44351851851851853 0.78828125 0.07222222222222222 0.019270833333333334
2 0.5569444444444445 0.76484375 0.05648148148148148 0.0171875
2 0.6527777777777778 0.7096354166666666 0.06111111111111111 0.018229166666666668
2 0.575925925925926 0.5356770833333333 0.06111111111111111 0.021354166666666667
2 0.2939814814814815 0.6890625 0.08425925925925926 0.020833333333333332
2 0.6245370370370371 0.23489583333333333 0.058333333333333334 0.015625
2 0.43981481481481477 0.21276041666666667 0.07962962962962963 0.018229166666666668
0 0.6928888888888889 0.22015625 0.012203703703703703 0.005479166666666666
