3 0.5844427083333333 0.7434259259259259 0.008197916666666668 0.029435185185185186
2 0.7700520833333333 0.5865740740740741 0.016145833333333335 0.058333333333333334
2 0.83140625 0.5213055555555555 0.016557291666666665 0.040990740740740744
2 0.5247395833333333 0.6226851851851851 0.011979166666666667 0.041666666666666664
1 0.8468020833333334 0.6206018518518519 0.015479166666666665 0.041324074074074076
2 0.6864583333333334 0.6287037037037038 0.016666666666666666 0.03888888888888889
2 0.5138020833333333 0.6689814814814814 0.0140625 0.03981481481481482
2 0.671875 0.587962962962963 0.0125 0.046296296296296294
3 0.6682291666666667 0.537037037037037 0.009375 0.05185185185185185
2 0.4033854166666667 0.6314814814814815 0.013020833333333334 0.053703703703703705
2 0.784375 0.5592592592592592 0.0125 0.04814814814814815
2 0.14088541666666665 0.5287037037037037 0.011979166666666667 0.05185185185185185
2 0.5270833333333333 0.5148148148148148 0.010416666666666666 0.05555555555555555
2 0.17057291666666663 0.5712962962962963 0.011979166666666667 0.05185185185185185
3 0.0630208333333333 0.18287037037037035 0.016666666666666666 0.08425925925925926
2 0.6059895833333333 0.5717592592592593 0.0140625 0.04351851851851852
2 0.4942708333333333 0.5731481481481482 0.016666666666666666 0.05
2 0.20963541666666663 0.5148148148148148 0.0109375 0.053703703703703705
2 0.38984375000000004 0.42500000000000004 0.0140625 0.05925925925925926
2 0.41536458333333337 0.5305555555555556 0.0171875 0.053703703703703705
2 0.25026041666666665 0.5277777777777778 0.015104166666666667 0.053703703703703705
2 0.19140625 0.4097222222222222 0.015104166666666667 0.06759259259259259
0 0.820890625 0.5008981481481481 0.0049947916666666665 0.008944444444444444
2 0.831453125 0.5308055555555555 0.0235625 0.04123148148148148
