3 0.5931614583333333 0.7798888888888889 0.011838541666666667 0.03652777777777778
2 0.24140625000000004 0.6944444444444444 0.008854166666666666 0.044444444444444446
2 0.4140625 0.7425925925925926 0.011458333333333333 0.03888888888888889
3 0.37816666666666665 0.6716944444444444 0.011458333333333333 0.05092592592592592
2 0.3822916666666667 0.6245370370370371 0.015625 0.05277777777777778
2 0.25260416666666663 0.6712962962962963 0.010416666666666666 0.05185185185185185
2 0.5734375 0.6842592592592592 0.0125 0.04814814814814815
2 0.23333333333333328 0.6245370370370371 0.011458333333333333 0.058333333333333334
2 0.4158854166666667 0.5967592592592592 0.011979166666666667 0.062037037037037036
2 0.20494791666666667 0.6222222222222222 0.013020833333333334 0.05740740740740741
2 0.33984375 0.563425925925926 0.011979166666666667 0.06018518518518518
2 0.17473958333333328 0.5824074074074075 0.0109375 0.06481481481481481
2 0.5078125 0.561574074074074 0.014583333333333334 0.06018518518518518
2 0.1138020833333333 0.475925925925926 0.015104166666666667 0.07037037037037037
2 0.5611979166666667 0.30925925925925923 0.016145833333333335 0.07592592592592592
2 0.6559895833333333 0.5620370370370371 0.013020833333333334 0.06111111111111111
2 0.4901041666666667 0.45046296296296295 0.014583333333333334 0.0712962962962963
1 0.9325520833333334 0.5472222222222223 0.009895833333333333 0.06111111111111111
2 0.10390624999999998 0.3740740740740741 0.016145833333333335 0.07037037037037037
2 0.56796875 0.4925925925925926 0.0171875 0.06666666666666667
2 0.41822916666666665 0.3023148148148148 0.023958333333333335 0.08611111111111111
2 0.34062499999999996 0.4805555555555555 0.015625 0.07037037037037037
2 0.22161458333333328 0.3407407407407408 0.0203125 0.07777777777777778
