0 0.35182291666666665 0.7203703703703703 0.005729166666666666 0.011111111111111112
2 0.53984375 0.8009259259259259 0.0078125 0.03888888888888889
3 0.7815104166666667 0.8050925925925926 0.008854166666666666 0.041666666666666664
2 0.6986979166666667 0.7601851851851852 0.009895833333333333 0.044444444444444446
2 0.6041666666666667 0.7115740740740741 0.0125 0.049074074074074076
2 0.64140625 0.6550925925925926 0.011979166666666667 0.06018518518518518
2 0.3057291666666667 0.7097222222222221 0.009375 0.05462962962962963
2 0.36484375 0.7736111111111111 0.0171875 0.04537037037037037
2 0.5591145833333333 0.7259259259259259 0.011979166666666667 0.053703703703703705
2 0.75390625 0.7087962962962964 0.015104166666666667 0.058333333333333334
2 0.8078125 0.6444444444444444 0.014583333333333334 0.06111111111111111
2 0.3799479166666667 0.700462962962963 0.0140625 0.05462962962962963
3 0.5354166666666667 0.5824074074074075 0.0125 0.06666666666666667
2 0.75859375 0.23657407407407405 0.030729166666666665 0.10092592592592593
2 0.6236979166666667 0.5620370370370371 0.015104166666666667 0.06851851851851852
2 0.8166666666666667 0.6648148148148147 0.0125 0.05555555555555555
2 0.39375000000000004 0.6375 0.013541666666666667 0.06018518518518518
2 0.8375 0.5527777777777778 0.021875 0.07222222222222222
2 0.4252604166666667 0.6824074074074074 0.011979166666666667 0.053703703703703705
2 0.57890625 0.5583333333333333 0.018229166666666668 0.06666666666666667
2 0.8216145833333334 0.5337962962962963 0.0171875 0.075
2 0.16276041666666663 0.44351851851851853 0.025520833333333333 0.07962962962962963
2 0.8458333333333333 0.43472222222222223 0.025 0.07685185185185185
