3 0.31233333333333335 0.6693697916666668 0.025333333333333333 0.006052083333333333
2 0.3564259259259259 0.5577708333333333 0.03322222222222222 0.011291666666666667
3 0.3935185185185186 0.50625 0.03333333333333333 0.008333333333333333
2 0.43287037037037035 0.3705729166666667 0.03611111111111111 0.008854166666666666
1 0.42213888888888884 0.08880208333333328 0.03888888888888889 0.011979166666666667
2 0.5236111111111111 0.36744791666666665 0.041666666666666664 0.008854166666666666
2 0.4370370370370371 0.3481770833333333 0.03888888888888889 0.009895833333333333
2 0.38657407407407407 0.3653645833333333 0.028703703703703703 0.009895833333333333
2 0.4125 0.48671875 0.03425925925925926 0.008854166666666666
2 0.4046296296296297 0.33463541666666663 0.03333333333333333 0.008854166666666666
2 0.41620370370370363 0.3885416666666667 0.03425925925925926 0.008333333333333333
2 0.38749999999999996 0.4625 0.032407407407407406 0.007291666666666667
2 0.45925925925925926 0.5020833333333333 0.03888888888888889 0.0125
2 0.625462962962963 0.31328124999999996 0.05277777777777778 0.013020833333333334
2 0.6537037037037037 0.15468749999999998 0.05 0.0125
2 0.4708333333333333 0.37864583333333335 0.03796296296296296 0.008333333333333333
2 0.6356481481481482 0.5635416666666666 0.05277777777777778 0.011458333333333333
2 0.5430555555555555 0.58515625 0.03981481481481482 0.013020833333333334
2 0.48796296296296293 0.2880208333333333 0.044444444444444446 0.0125
1 0.4842592592592593 0.8463541666666666 0.040740740740740744 0.008333333333333333
2 0.43425925925925923 0.7455729166666667 0.03518518518518519 0.008854166666666666
3 0.676138888888889 0.16666666666666663 0.05555555555555555 0.014583333333333334
2 0.5925925925925926 0.22031250000000002 0.03888888888888889 0.011458333333333333
2 0.5041666666666667 0.5627604166666667 0.04537037037037037 0.0109375
2 0.36670370370370375 0.3680520833333334 0.035555555555555556 0.009276041666666667
0 0.6130740740740741 0.65671875 0.012537037037037036 0.007104166666666667
