0 0.37083333333333335 0.5455729166666666 0.01574074074074074 0.008854166666666666
3 0.8106481481481481 0.3604166666666666 0.03981481481481482 0.009375
2 0.6981481481481482 0.6643229166666667 0.05185185185185185 0.0171875
2 0.7402777777777778 0.5744791666666667 0.04537037037037037 0.010416666666666666
2 0.6375 0.35572916666666665 0.04722222222222222 0.017708333333333333
2 0.6009259259259259 0.6385416666666667 0.06481481481481481 0.013541666666666667
2 0.7189814814814814 0.33359375 0.04722222222222222 0.013020833333333334
2 0.3925925925925926 0.5359375 0.08333333333333333 0.023958333333333335
2 0.5421296296296296 0.6403645833333333 0.0712962962962963 0.015104166666666667
2 0.6421296296296296 0.3052083333333333 0.062037037037037036 0.013541666666666667
2 0.26388888888888884 0.42994791666666665 0.08333333333333333 0.024479166666666666
2 0.662037037037037 0.4385416666666666 0.05925925925925926 0.015625
2 0.24444444444444446 0.39479166666666665 0.09074074074074075 0.025
2 0.3847222222222222 0.4546875 0.08796296296296297 0.019791666666666666
2 0.6402777777777777 0.6825520833333333 0.06388888888888888 0.013020833333333334
2 0.6342592592592593 0.28515625 0.06296296296296296 0.015104166666666667
2 0.6074074074074074 0.8919270833333334 0.06296296296296296 0.015104166666666667
3 0.5287037037037037 0.37426041666666676 0.07222222222222222 0.016145833333333335
2 0.5731481481481482 0.5083333333333333 0.06851851851851852 0.016666666666666666
2 0.5032407407407408 0.41041666666666665 0.06944444444444445 0.021875
2 0.3282407407407407 0.8455729166666667 0.09537037037037037 0.0234375
2 0.5587962962962962 0.2567708333333334 0.07314814814814814 0.027083333333333334
2 0.3486111111111111 0.6333333333333333 0.08425925925925926 0.020833333333333332
