3 0.6693697916666668 0.6876666666666666 0.006052083333333333 0.025333333333333333
2 0.5577708333333333 0.6435740740740741 0.011291666666666667 0.03322222222222222
3 0.50625 0.6064814814814814 0.008333333333333333 0.03333333333333333
2 0.3705729166666667 0.5671296296296297 0.008854166666666666 0.03611111111111111
1 0.08880208333333328 0.5778611111111112 0.011979166666666667 0.03888888888888889
2 0.36744791666666665 0.47638888888888886 0.008854166666666666 0.041666666666666664
2 0.3481770833333333 0.5629629629629629 0.009895833333333333 0.03888888888888889
2 0.3653645833333333 0.6134259259259259 0.009895833333333333 0.028703703703703703
2 0.48671875 0.5875 0.008854166666666666 0.03425925925925926
2 0.33463541666666663 0.5953703703703703 0.008854166666666666 0.03333333333333333
2 0.3885416666666667 0.5837962962962964 0.008333333333333333 0.03425925925925926
2 0.4625 0.6125 0.007291666666666667 0.032407407407407406
2 0.5020833333333333 0.5407407407407407 0.0125 0.03888888888888889
2 0.31328124999999996 0.374537037037037 0.013020833333333334 0.05277777777777778
2 0.15468749999999998 0.3462962962962963 0.0125 0.05
2 0.37864583333333335 0.5291666666666667 0.008333333333333333 0.03796296296296296
2 0.5635416666666666 0.3643518518518518 0.011458333333333333 0.05277777777777778
2 0.58515625 0.4569444444444445 0.013020833333333334 0.03981481481481482
2 0.2880208333333333 0.5120370370370371 0.0125 0.044444444444444446
1 0.8463541666666666 0.5157407407407407 0.008333333333333333 0.040740740740740744
2 0.7455729166666667 0.5657407407407408 0.008854166666666666 0.03518518518518519
3 0.16666666666666663 0.32386111111111104 0.014583333333333334 0.05555555555555555
2 0.22031250000000002 0.40740740740740744 0.011458333333333333 0.03888888888888889
2 0.5627604166666667 0.49583333333333335 0.0109375 0.04537037037037037
2 0.3680520833333334 0.6332962962962962 0.009276041666666667 0.035555555555555556
0 0.65671875 0.3869259259259259 0.007104166666666667 0.012537037037037036
