3 0.66640625 0.7912037037037037 0.009895833333333333 0.03611111111111111
2 0.4385416666666667 0.7828703703703703 0.015625 0.03981481481481482
3 0.41015625 0.6902777777777778 0.009895833333333333 0.05648148148148148
2 0.30833333333333335 0.7324074074074074 0.009375 0.04259259259259259
2 0.3270833333333333 0.7115740740740741 0.009375 0.05092592592592592
2 0.47265625 0.6962962962962963 0.009895833333333333 0.04814814814814815
2 0.5375 0.5638888888888889 0.017708333333333333 0.06851851851851852
2 0.6057291666666667 0.7078703703703704 0.016666666666666666 0.049074074074074076
2 0.41041666666666665 0.6356481481481482 0.011458333333333333 0.058333333333333334
2 0.24062499999999998 0.649537037037037 0.014583333333333334 0.058333333333333334
2 0.51640625 0.6439814814814815 0.011979166666666667 0.058333333333333334
2 0.5455729166666667 0.5037037037037038 0.015104166666666667 0.07592592592592592
2 0.5643229166666667 0.612037037037037 0.013020833333333334 0.06481481481481481
2 0.27265625000000004 0.6856481481481482 0.011979166666666667 0.05462962962962963
2 0.15130208333333328 0.3643518518518518 0.0171875 0.07685185185185185
2 0.16718750000000004 0.39675925925925926 0.015625 0.07314814814814814
2 0.50234375 0.33611111111111114 0.018229166666666668 0.07777777777777778
2 0.15364583333333337 0.5384259259259259 0.015625 0.0712962962962963
2 0.709375 0.6023148148148147 0.014583333333333334 0.062037037037037036
2 0.53359375 0.36157407407407405 0.015104166666666667 0.08796296296296297
2 0.3520833333333333 0.5421296296296296 0.015625 0.06388888888888888
2 0.21510416666666665 0.6337962962962963 0.0125 0.062037037037037036
0 0.5917187500000001 0.6871944444444444 0.0057708333333333335 0.013842592592592592
