3 0.7865740740740741 0.53515625 0.03981481481481482 0.0109375
2 0.6621203703703704 0.43873958333333335 0.052833333333333336 0.010302083333333333
1 0.6532407407407408 0.15416666666666667 0.062037037037037036 0.013541666666666667
2 0.7046296296296296 0.5192708333333333 0.044444444444444446 0.01875
2 0.5620370370370371 0.259375 0.07222222222222222 0.01875
2 0.633 0.433984375 0.05067592592592592 0.02109375
2 0.6337962962962963 0.38385416666666666 0.05462962962962963 0.010416666666666666
2 0.6578703703703703 0.40963541666666664 0.058333333333333334 0.0140625
2 0.5671296296296297 0.3145833333333333 0.06759259259259259 0.016666666666666666
2 0.6986111111111111 0.49375 0.04537037037037037 0.016666666666666666
2 0.6875 0.60546875 0.05462962962962963 0.0171875
2 0.6013888888888889 0.3346354166666667 0.06388888888888888 0.0140625
2 0.5745370370370371 0.2953125 0.058333333333333334 0.015625
3 0.5652777777777778 0.575 0.06759259259259259 0.013541666666666667
2 0.6833333333333333 0.5536458333333333 0.05185185185185185 0.01875
2 0.5916666666666667 0.9033854166666667 0.06296296296296296 0.009895833333333333
2 0.6078703703703704 0.6138020833333333 0.058333333333333334 0.0234375
2 0.5972222222222222 0.8325520833333333 0.06666666666666667 0.018229166666666668
2 0.5300925925925926 0.85078125 0.06944444444444445 0.016145833333333335
2 0.5476851851851852 0.428125 0.062037037037037036 0.016666666666666666
2 0.47962962962962963 0.9020833333333333 0.07777777777777778 0.017708333333333333
2 0.5818055555555556 0.31484375 0.060564814814814814 0.022880208333333332
0 0.5985185185185184 0.6038489583333334 0.012814814814814815 0.006093749999999999
