2 0.7653125 0.5781111111111111 0.01634375 0.05092592592592592
2 0.46354166666666663 0.6416666666666666 0.008333333333333333 0.040740740740740744
2 0.6220364583333333 0.7013055555555556 0.014807291666666667 0.02790740740740741
2 0.5546875 0.6694444444444445 0.007291666666666667 0.037037037037037035
2 0.5598958333333333 0.6643518518518519 0.0125 0.03981481481481482
2 0.7580729166666667 0.5662037037037038 0.018229166666666668 0.04722222222222222
2 0.265625 0.6060185185185185 0.008333333333333333 0.04537037037037037
2 0.48177083333333337 0.6680555555555556 0.009375 0.041666666666666664
2 0.47239583333333335 0.5888888888888889 0.010416666666666666 0.044444444444444446
2 0.30494791666666665 0.6537037037037037 0.008854166666666666 0.040740740740740744
3 0.45729166666666665 0.5884259259259259 0.019791666666666666 0.04351851851851852
2 0.3471354166666667 0.46018518518518514 0.008854166666666666 0.053703703703703705
2 0.6356770833333334 0.625 0.0109375 0.040740740740740744
2 0.27708333333333335 0.5768518518518518 0.014583333333333334 0.044444444444444446
2 0.74375 0.36111111111111116 0.023958333333333335 0.06296296296296296
2 0.4625 0.28009259259259256 0.022916666666666665 0.0712962962962963
2 0.5880208333333333 0.6805555555555556 0.014583333333333334 0.03148148148148148
2 0.7221354166666667 0.6375 0.0109375 0.04537037037037037
2 0.3973958333333333 0.6314814814814815 0.009375 0.046296296296296294
2 0.1953125 0.4925925925925926 0.013541666666666667 0.05555555555555555
2 0.7940104166666666 0.44166666666666665 0.0140625 0.05740740740740741
3 0.6707083333333334 0.7259814814814816 0.014593749999999999 0.03639814814814815
