2 0.4532407407407407 0.7557291666666667 0.03796296296296296 0.007291666666666667
2 0.7069444444444445 0.13593750000000004 0.03611111111111111 0.016666666666666666
2 0.5402777777777777 0.8458333333333333 0.025 0.020833333333333332
2 0.4357037037037037 0.76725 0.03791666666666667 0.006177083333333333
2 0.4666666666666667 0.7359375 0.04259259259259259 0.009375
2 0.5194444444444445 0.7494791666666667 0.040740740740740744 0.009375
3 0.48703703703703705 0.6611979166666666 0.040740740740740744 0.011979166666666667
2 0.5208333333333334 0.60390625 0.049074074074074076 0.009895833333333333
2 0.5407407407407407 0.20677083333333335 0.044444444444444446 0.009375
2 0.5078703703703704 0.6278645833333334 0.04351851851851852 0.009895833333333333
2 0.5671296296296297 0.22239583333333335 0.05092592592592592 0.009375
2 0.5421296296296296 0.17109375000000004 0.049074074074074076 0.009895833333333333
2 0.4412037037037037 0.390625 0.03425925925925926 0.009375
2 0.6875 0.16276041666666663 0.06574074074074074 0.0171875
2 0.5537037037037037 0.5197916666666667 0.04814814814814815 0.010416666666666666
2 0.6976851851851852 0.334375 0.058333333333333334 0.016666666666666666
2 0.5620648148148147 0.9488333333333333 0.039990740740740736 0.013442708333333333
0 0.3984537037037037 0.650734375 0.009805555555555555 0.00475
2 0.43712962962962965 0.731328125 0.03406481481481481 0.00809375
2 0.45319444444444446 0.764703125 0.04360185185185186 0.008317708333333333
1 0.44039814814814815 0.7467708333333334 0.02799074074074074 0.012791666666666666
2 0.4449074074074074 0.5918281249999999 0.03564814814814815 0.010906250000000001
2 0.555074074074074 0.5310833333333334 0.05201851851851852 0.012020833333333333
3 0.34372222222222226 0.5945625 0.031490740740740736 0.007546875
