2 0.8057291666666666 0.45185185185185184 0.013541666666666667 0.040740740740740744
2 0.7963541666666667 0.4537037037037037 0.016666666666666666 0.03888888888888889
2 0.73359375 0.4981481481481481 0.015104166666666667 0.04259259259259259
2 0.6315104166666667 0.5523148148148148 0.0078125 0.03425925925925926
1 0.81015625 0.5430555555555556 0.016145833333333335 0.03425925925925926
2 0.6479166666666667 0.5722222222222222 0.008333333333333333 0.037037037037037035
3 0.5885416666666667 0.5180555555555555 0.015625 0.03796296296296296
2 0.70859375 0.5263888888888889 0.0109375 0.03611111111111111
2 0.53046875 0.4560185185185185 0.0109375 0.04537037037037037
2 0.5557291666666666 0.513425925925926 0.008333333333333333 0.03981481481481482
2 0.31015625 0.5513888888888889 0.0078125 0.03981481481481482
2 0.6721354166666667 0.48611111111111116 0.0171875 0.046296296296296294
2 0.16770833333333335 0.4569444444444445 0.011458333333333333 0.049074074074074076
2 0.5661458333333333 0.4449074074074074 0.013541666666666667 0.049074074074074076
2 0.6973958333333333 0.43379629629629635 0.016666666666666666 0.049074074074074076
2 0.43281250000000004 0.4106481481481481 0.009375 0.05092592592592592
2 0.09765625 0.3041666666666667 0.0109375 0.06388888888888888
2 0.17656249999999996 0.42546296296296293 0.0125 0.05092592592592592
2 0.12890625 0.44861111111111107 0.0109375 0.049074074074074076
2 0.26328125 0.29120370370370374 0.015104166666666667 0.05648148148148148
2 0.4044270833333333 0.4004629629629629 0.0140625 0.05092592592592592
2 0.10911458333333335 0.2861111111111111 0.021354166666666667 0.06666666666666667
3 0.5295104166666667 0.6608148148148147 0.0076302083333333335 0.023194444444444445
