3 0.26342592592592595 0.6677083333333333 0.028703703703703703 0.008333333333333333
2 0.3773148148148148 0.4072916666666667 0.04351851851851852 0.009375
3 0.9458333333333333 0.059114583333333304 0.08796296296296297 0.0265625
3 0.40925925925925927 0.5263020833333334 0.044444444444444446 0.013020833333333334
2 0.6125 0.3223958333333333 0.05462962962962963 0.011458333333333333
2 0.37824074074074077 0.6963541666666666 0.041666666666666664 0.010416666666666666
2 0.5199074074074074 0.34921875 0.05648148148148148 0.0109375
2 0.4351851851851852 0.36744791666666665 0.04814814814814815 0.0109375
2 0.5972222222222222 0.75 0.06111111111111111 0.015625
2 0.36157407407407405 0.67421875 0.04351851851851852 0.011979166666666667
2 0.4935185185185185 0.56875 0.05 0.016666666666666666
2 0.6069444444444444 0.30937499999999996 0.06574074074074074 0.011458333333333333
2 0.4634259259259259 0.51953125 0.05277777777777778 0.0109375
2 0.5671296296296297 0.4619791666666667 0.062037037037037036 0.015625
2 0.4615740740740741 0.28828125000000004 0.05648148148148148 0.0140625
2 0.5995370370370371 0.4888020833333333 0.06018518518518518 0.016145833333333335
2 0.637962962962963 0.4776041666666667 0.06296296296296296 0.01875
2 0.48333333333333334 0.7166666666666667 0.05 0.016666666666666666
2 0.5486111111111112 0.5354166666666667 0.058333333333333334 0.017708333333333333
2 0.587037037037037 0.24088541666666663 0.06666666666666667 0.019270833333333334
2 0.5486111111111112 0.7934895833333333 0.04722222222222222 0.024479166666666666
2 0.5421296296296296 0.41718750000000004 0.05277777777777778 0.019791666666666666
2 0.6129629629629629 0.6653645833333333 0.06296296296296296 0.019270833333333334
0 0.39563888888888893 0.6933020833333333 0.00900925925925926 0.004515625
