2 0.6875 0.512962962962963 0.027083333333333334 0.06666666666666667
2 0.6981770833333334 0.5078703703703704 0.024479166666666666 0.058333333333333334
2 0.10963541666666665 0.38981481481481484 0.018229166666666668 0.07777777777777778
2 0.5684895833333333 0.45138888888888884 0.018229166666666668 0.06759259259259259
2 0.3296875 0.6518518518518519 0.0125 0.046296296296296294
2 0.23124999999999996 0.5648148148148149 0.020833333333333332 0.05555555555555555
2 0.6502604166666667 0.4569444444444445 0.028645833333333332 0.058333333333333334
2 0.7411458333333334 0.4111111111111111 0.03229166666666667 0.06111111111111111
2 0.6236979166666667 0.3652777777777778 0.0171875 0.06944444444444445
2 0.6736979166666667 0.6324074074074074 0.021354166666666667 0.046296296296296294
2 0.37630208333333337 0.4268518518518518 0.0171875 0.06666666666666667
2 0.7151041666666667 0.42314814814814816 0.022916666666666665 0.05925925925925926
2 0.13463541666666667 0.36944444444444446 0.0140625 0.07777777777777778
2 0.634375 0.6847222222222222 0.021875 0.041666666666666664
2 0.15260416666666665 0.5425925925925925 0.013541666666666667 0.06296296296296296
2 0.23411458333333335 0.5004629629629629 0.0171875 0.06759259259259259
2 0.5588541666666667 0.5388888888888889 0.020833333333333332 0.05925925925925926
3 0.4966145833333333 0.5907407407407408 0.018229166666666668 0.04814814814814815
2 0.39583333333333337 0.4703703703703703 0.021875 0.06296296296296296
2 0.4989583333333333 0.437962962962963 0.021875 0.07037037037037037
2 0.22057291666666667 0.32453703703703707 0.025520833333333333 0.06759259259259259
3 0.592921875 0.7886388888888889 0.011588541666666667 0.030740740740740742
0 0.7446822916666667 0.39125 0.007572916666666666 0.013240740740740742
