2 0.42188888888888887 0.7653125 0.05092592592592592 0.01634375
2 0.35833333333333334 0.46354166666666663 0.040740740740740744 0.008333333333333333
2 0.29869444444444443 0.6220364583333333 0.02790740740740741 0.014807291666666667
2 0.33055555555555555 0.5546875 0.037037037037037035 0.007291666666666667
2 0.33564814814814814 0.5598958333333333 0.03981481481481482 0.0125
2 0.4337962962962963 0.7580729166666667 0.04722222222222222 0.018229166666666668
2 0.3939814814814815 0.265625 0.04537037037037037 0.008333333333333333
2 0.33194444444444443 0.48177083333333337 0.041666666666666664 0.009375
2 0.4111111111111111 0.47239583333333335 0.044444444444444446 0.010416666666666666
2 0.34629629629629627 0.30494791666666665 0.040740740740740744 0.008854166666666666
3 0.4115740740740741 0.45729166666666665 0.04351851851851852 0.019791666666666666
2 0.5398148148148149 0.3471354166666667 0.053703703703703705 0.008854166666666666
2 0.375 0.6356770833333334 0.040740740740740744 0.0109375
2 0.42314814814814816 0.27708333333333335 0.044444444444444446 0.014583333333333334
2 0.6388888888888888 0.74375 0.06296296296296296 0.023958333333333335
2 0.7199074074074074 0.4625 0.0712962962962963 0.022916666666666665
2 0.3194444444444444 0.5880208333333333 0.03148148148148148 0.014583333333333334
2 0.3625 0.7221354166666667 0.04537037037037037 0.0109375
2 0.3685185185185185 0.3973958333333333 0.046296296296296294 0.009375
2 0.5074074074074074 0.1953125 0.05555555555555555 0.013541666666666667
2 0.5583333333333333 0.7940104166666666 0.05740740740740741 0.0140625
3 0.2740185185185185 0.6707083333333334 0.03639814814814815 0.014593749999999999
