2 0.7557291666666667 0.5467592592592593 0.007291666666666667 0.03796296296296296
2 0.13593750000000004 0.2930555555555555 0.016666666666666666 0.03611111111111111
2 0.8458333333333333 0.45972222222222225 0.020833333333333332 0.025
2 0.76725 0.5642962962962963 0.006177083333333333 0.03791666666666667
2 0.7359375 0.5333333333333333 0.009375 0.04259259259259259
2 0.7494791666666667 0.4805555555555555 0.009375 0.040740740740740744
3 0.6611979166666666 0.512962962962963 0.011979166666666667 0.040740740740740744
2 0.60390625 0.47916666666666663 0.009895833333333333 0.049074074074074076
2 0.20677083333333335 0.45925925925925926 0.009375 0.044444444444444446
2 0.6278645833333334 0.4921296296296296 0.009895833333333333 0.04351851851851852
2 0.22239583333333335 0.43287037037037035 0.009375 0.05092592592592592
2 0.17109375000000004 0.45787037037037037 0.009895833333333333 0.049074074074074076
2 0.390625 0.5587962962962962 0.009375 0.03425925925925926
2 0.16276041666666663 0.3125 0.0171875 0.06574074074074074
2 0.5197916666666667 0.4462962962962963 0.010416666666666666 0.04814814814814815
2 0.334375 0.3023148148148148 0.016666666666666666 0.058333333333333334
2 0.9488333333333333 0.43793518518518526 0.013442708333333333 0.039990740740740736
0 0.650734375 0.6015462962962963 0.00475 0.009805555555555555
2 0.731328125 0.5628703703703704 0.00809375 0.03406481481481481
2 0.764703125 0.5468055555555555 0.008317708333333333 0.04360185185185186
1 0.7467708333333334 0.5596018518518519 0.012791666666666666 0.02799074074074074
2 0.5918281249999999 0.5550925925925926 0.010906250000000001 0.03564814814814815
2 0.5310833333333334 0.44492592592592595 0.012020833333333333 0.05201851851851852
3 0.5945625 0.6562777777777777 0.007546875 0.031490740740740736
