2 0.7815520833333334 0.620175925925926 0.021453125 0.05387037037037037
2 0.36953125 0.8287037037037037 0.008854166666666666 0.037037037037037035
1 0.9270833333333334 0.6814814814814815 0.010416666666666666 0.04814814814814815
2 0.6192708333333333 0.7546296296296297 0.010416666666666666 0.04814814814814815
2 0.7458333333333333 0.5791666666666666 0.014583333333333334 0.05462962962962963
3 0.5184895833333334 0.611574074074074 0.009895833333333333 0.05648148148148148
3 0.0864583333333333 0.09907407407407409 0.025 0.1037037037037037
2 0.5723958333333333 0.7509259259259259 0.010416666666666666 0.04259259259259259
2 0.8921875 0.38842592592592595 0.01875 0.07314814814814814
2 0.15703124999999996 0.6870370370370371 0.0109375 0.053703703703703705
2 0.10651041666666672 0.6319444444444444 0.009895833333333333 0.062037037037037036
2 0.5122395833333333 0.7101851851851853 0.015104166666666667 0.04814814814814815
2 0.8049479166666667 0.675 0.016145833333333335 0.05
2 0.7783854166666666 0.5819444444444444 0.0203125 0.05277777777777778
2 0.7552083333333334 0.5625 0.014583333333333334 0.06018518518518518
2 0.12708333333333333 0.7259259259259259 0.010416666666666666 0.04814814814814815
2 0.3700520833333333 0.6023148148148147 0.016145833333333335 0.058333333333333334
2 0.6041666666666667 0.4356481481481481 0.014583333333333334 0.06759259259259259
2 0.809375 0.4101851851851852 0.026041666666666668 0.06666666666666667
2 0.21458333333333335 0.44351851851851853 0.015625 0.07962962962962963
2 0.3416666666666667 0.6314814814814815 0.010416666666666666 0.06111111111111111
2 0.27265625000000004 0.45879629629629626 0.018229166666666668 0.075
2 0.53671875 0.4731481481481481 0.0234375 0.06296296296296296
3 0.5081197916666667 0.8712777777777778 0.009260416666666667 0.03142592592592593
0 0.75065625 0.6024259259259259 0.005630208333333333 0.009111111111111111
