2 0.6277777777777778 0.6502604166666667 0.03518518518518519 0.009895833333333333
2 0.5986111111111111 0.3033854166666667 0.03611111111111111 0.008854166666666666
1 0.637962962962963 0.811671875 0.03333333333333333 0.008854166666666666
2 0.6726851851851852 0.34453125 0.032407407407407406 0.0078125
2 0.5884259259259259 0.25286458333333334 0.041666666666666664 0.009895833333333333
2 0.6282407407407408 0.79375 0.03425925925925926 0.010416666666666666
2 0.5546296296296296 0.2596354166666667 0.046296296296296294 0.009895833333333333
2 0.5990740740740741 0.50234375 0.03333333333333333 0.008854166666666666
2 0.6314814814814815 0.39869791666666665 0.03333333333333333 0.0067708333333333336
2 0.6287037037037038 0.6421875 0.037037037037037035 0.008333333333333333
2 0.5291666666666667 0.48385416666666664 0.04351851851851852 0.011458333333333333
2 0.5486111111111112 0.6830729166666667 0.04537037037037037 0.008854166666666666
2 0.25555555555555554 0.5325520833333334 0.07037037037037037 0.0140625
3 0.5685185185185185 0.50546875 0.04259259259259259 0.0109375
2 0.5212962962962964 0.38177083333333334 0.044444444444444446 0.010416666666666666
2 0.6347222222222222 0.28541666666666665 0.03611111111111111 0.010416666666666666
2 0.5949074074074074 0.471875 0.03796296296296296 0.011458333333333333
2 0.4296296296296296 0.84375 0.05740740740740741 0.014583333333333334
2 0.5004629629629629 0.23619791666666667 0.05277777777777778 0.013020833333333334
2 0.41712962962962963 0.7841145833333333 0.05462962962962963 0.011979166666666667
2 0.38703703703703707 0.28072916666666664 0.05925925925925926 0.013541666666666667
2 0.3467592592592592 0.34791666666666665 0.06388888888888888 0.016666666666666666
0 0.6865 0.72803125 0.013472222222222222 0.007734375
3 0.6836296296296296 0.24648958333333332 0.032490740740740744 0.008666666666666666
