1 0.45 0.84296875 0.03888888888888889 0.008854166666666666
2 0.5180555555555556 0.9294270833333333 0.041666666666666664 0.0140625
2 0.3712962962962963 0.6010416666666667 0.03333333333333333 0.007291666666666667
2 0.32083333333333336 0.33229166666666665 0.025 0.00625
2 0.37453703703703706 0.5669270833333333 0.03611111111111111 0.0078125
2 0.4300925925925926 0.23854166666666665 0.03611111111111111 0.009375
2 0.49166666666666664 0.6669270833333334 0.046296296296296294 0.0078125
2 0.38657407407407407 0.23645833333333333 0.03425925925925926 0.009375
2 0.45925925925925926 0.74609375 0.040740740740740744 0.008854166666666666
2 0.5023148148148148 0.84609375 0.03425925925925926 0.009895833333333333
2 0.46805555555555556 0.27708333333333335 0.03425925925925926 0.010416666666666666
2 0.4310185185185185 0.48307291666666663 0.03981481481481482 0.008854166666666666
2 0.5083333333333333 0.625 0.046296296296296294 0.010416666666666666
2 0.5111111111111111 0.5544270833333333 0.044444444444444446 0.011979166666666667
2 0.6388888888888888 0.2768229166666667 0.05740740740740741 0.013020833333333334
2 0.46944444444444444 0.22552083333333328 0.040740740740740744 0.015625
2 0.43657407407407406 0.4184895833333333 0.03796296296296296 0.013020833333333334
2 0.6685185185185185 0.603125 0.06111111111111111 0.010416666666666666
2 0.6851851851851852 0.6286458333333333 0.06296296296296296 0.013541666666666667
2 0.5833333333333334 0.3471354166666667 0.053703703703703705 0.008854166666666666
3 0.8435185185185186 0.20598958333333328 0.07407407407407407 0.019270833333333334
3 0.4824074074074074 0.4442708333333333 0.046296296296296294 0.0125
2 0.637962962962963 0.23072916666666665 0.05740740740740741 0.010416666666666666
3 0.2754351851851852 0.570296875 0.027935185185185188 0.006802083333333334
