2 0.6529583333333333 0.48438888888888887 0.01328125 0.036787037037037035
3 0.2349010416666667 0.09794444444444439 0.032296874999999996 0.06336111111111112
1 0.9453125 0.46851851851851856 0.010416666666666666 0.03518518518518519
2 0.5403645833333333 0.5416666666666667 0.0067708333333333336 0.02962962962962963
2 0.34791666666666665 0.49629629629629635 0.009375 0.037037037037037035
2 0.82265625 0.3287037037037037 0.0171875 0.05
2 0.5411458333333333 0.42592592592592593 0.0125 0.044444444444444446
2 0.33281249999999996 0.43101851851851847 0.008333333333333333 0.04351851851851852
2 0.4838541666666667 0.2930555555555555 0.010416666666666666 0.058333333333333334
2 0.7158854166666666 0.41620370370370374 0.0109375 0.04537037037037037
3 0.5018229166666667 0.4120370370370371 0.011979166666666667 0.046296296296296294
2 0.7033854166666667 0.3666666666666667 0.0140625 0.05185185185185185
2 0.4565104166666667 0.2592592592592593 0.013020833333333334 0.06111111111111111
2 0.6541666666666667 0.22777777777777775 0.015625 0.06111111111111111
2 0.44062500000000004 0.30000000000000004 0.0125 0.053703703703703705
2 0.5479166666666666 0.36111111111111116 0.016666666666666666 0.05185185185185185
2 0.42578125 0.3935185185185185 0.013020833333333334 0.04814814814814815
2 0.46484375 0.32592592592592595 0.015104166666666667 0.053703703703703705
2 0.2700520833333333 0.3194444444444444 0.0203125 0.053703703703703705
2 0.94765625 0.2782407407407408 0.013020833333333334 0.05092592592592592
2 0.6846354166666666 0.3666666666666667 0.016145833333333335 0.04814814814814815
2 0.5822916666666667 0.1615740740740741 0.020833333333333332 0.06388888888888888
2 0.6578958333333333 0.46212037037037035 0.0133125 0.04814814814814815
3 0.6163177083333333 0.6096851851851852 0.006953125 0.0254537037037037
0 0.26683854166666665 0.2970277777777778 0.0066927083333333335 0.012861111111111111
