3 0.7893229166666667 0.6398148148148148 0.009895833333333333 0.025925925925925925
2 0.6309895833333333 0.6125 0.0078125 0.032407407407407406
2 0.74765625 0.5805555555555555 0.0109375 0.037037037037037035
1 0.15833333333333333 0.549074074074074 0.009375 0.037037037037037035
2 0.7424479166666667 0.5449074074074074 0.0067708333333333336 0.03611111111111111
2 0.25078124999999996 0.5023148148148149 0.009895833333333333 0.04537037037037037
2 0.6427083333333333 0.5865740740740741 0.008333333333333333 0.032407407407407406
3 0.5442708333333333 0.4800277777777777 0.009375 0.04537037037037037
2 0.3700520833333333 0.5629629629629629 0.0067708333333333336 0.040740740740740744
2 0.5479166666666666 0.5199074074074075 0.007291666666666667 0.03796296296296296
3 0.04061979166666663 0.30674074074074076 0.023947916666666666 0.05860185185185185
2 0.8005208333333333 0.2791666666666667 0.016666666666666666 0.06574074074074074
2 0.4236979166666667 0.5773148148148148 0.0109375 0.03981481481481482
2 0.7903645833333334 0.5314814814814814 0.0109375 0.04259259259259259
2 0.67265625 0.39722222222222225 0.0109375 0.053703703703703705
2 0.14244791666666667 0.2958333333333333 0.0140625 0.0712962962962963
2 0.26588541666666665 0.46064814814814814 0.0109375 0.049074074074074076
2 0.5708333333333333 0.5078703703703704 0.011458333333333333 0.04537037037037037
2 0.5572916666666667 0.17685185185185182 0.022916666666666665 0.06666666666666667
2 0.8177083333333334 0.4745370370370371 0.0125 0.04351851851851852
2 0.21406250000000004 0.3555555555555555 0.015625 0.05925925925925926
2 0.5770833333333334 0.39583333333333337 0.014583333333333334 0.05462962962962963
2 0.81953125 0.38009259259259254 0.015104166666666667 0.05462962962962963
2 0.696875 0.23796296296296293 0.013541666666666667 0.06851851851851852
0 0.17374479166666668 0.5425833333333334 0.005390625 0.009611111111111112
