3 0.6450520833333333 0.7138888888888889 0.0067708333333333336 0.025925925925925925
2 0.4864583333333333 0.7106481481481481 0.007291666666666667 0.028703703703703703
1 0.9859375 0.561574074074074 0.011458333333333333 0.04351851851851852
2 0.584375 0.47638888888888886 0.011458333333333333 0.04351851851851852
2 0.7043489583333333 0.5696666666666667 0.009734375 0.04489814814814815
1 0.09244791666666663 0.5916666666666667 0.0109375 0.044444444444444446
2 0.6385416666666667 0.662037037037037 0.007291666666666667 0.02962962962962963
2 0.5690104166666667 0.4532407407407407 0.008854166666666666 0.05277777777777778
3 0.57890625 0.45231481481481484 0.0140625 0.05462962962962963
2 0.5809895833333334 0.6189814814814815 0.0067708333333333336 0.03796296296296296
2 0.40234375 0.6064814814814814 0.0078125 0.040740740740740744
2 0.63046875 0.5212962962962964 0.008854166666666666 0.046296296296296294
2 0.72109375 0.5592592592592592 0.0109375 0.044444444444444446
2 0.6026041666666666 0.6458333333333333 0.007291666666666667 0.03796296296296296
2 0.5177083333333333 0.47638888888888886 0.010416666666666666 0.04722222222222222
2 0.4229166666666667 0.5481481481481482 0.007291666666666667 0.04814814814814815
2 0.2997395833333333 0.662962962962963 0.008854166666666666 0.037037037037037035
2 0.57578125 0.38611111111111107 0.015104166666666667 0.05925925925925926
2 0.4325520833333333 0.561574074074074 0.0109375 0.04537037037037037
2 0.69453125 0.2050925925925926 0.016145833333333335 0.06759259259259259
2 0.21666666666666667 0.5 0.019791666666666666 0.05
2 0.71640625 0.38935185185185184 0.011979166666666667 0.062037037037037036
2 0.6580729166666667 0.4361111111111111 0.011979166666666667 0.05740740740740741
2 0.707734375 0.5903981481481482 0.00940625 0.04449074074074074
0 0.2752395833333333 0.577 0.005442708333333333 0.011194444444444444
