2 0.6994791666666667 0.4814814814814815 0.008333333333333333 0.03888888888888889
2 0.49375 0.5652777777777778 0.007291666666666667 0.028703703703703703
1 0.18776041666666665 0.4930555555555556 0.009895833333333333 0.041666666666666664
2 0.6604166666666667 0.5324074074074074 0.00625 0.027777777777777776
2 0.5880208333333333 0.47870370370370374 0.008333333333333333 0.03888888888888889
2 0.2817708333333333 0.3305555555555556 0.0125 0.05
2 0.7361979166666667 0.4222222222222223 0.008854166666666666 0.04259259259259259
2 0.4375 0.475462962962963 0.008333333333333333 0.03611111111111111
2 0.4911458333333333 0.38055555555555554 0.009375 0.04814814814814815
2 0.5908854166666666 0.42314814814814816 0.008854166666666666 0.04259259259259259
2 0.53828125 0.32361111111111107 0.011979166666666667 0.049074074074074076
2 0.759375 0.3231481481481482 0.008333333333333333 0.05185185185185185
3 0.5640625 0.41435185185185186 0.009375 0.041666666666666664
2 0.67421875 0.4925925925925926 0.0078125 0.037037037037037035
3 0.07682291666666663 0.15000000000000002 0.019270833333333334 0.06296296296296296
2 0.7127604166666667 0.4185185185185185 0.009895833333333333 0.046296296296296294
2 0.4770833333333333 0.475925925925926 0.013541666666666667 0.03333333333333333
2 0.24244791666666665 0.4046296296296297 0.008854166666666666 0.044444444444444446
2 0.4169270833333333 0.27268518518518514 0.018229166666666668 0.058333333333333334
2 0.6854166666666667 0.3837962962962963 0.010416666666666666 0.04722222222222222
2 0.72109375 0.23564814814814816 0.0171875 0.05648148148148148
2 0.87421875 0.18611111111111112 0.018229166666666668 0.05925925925925926
2 0.56875 0.11435185185185182 0.017708333333333333 0.06759259259259259
0 0.28693750000000007 0.3171018518518519 0.004666666666666667 0.009027777777777777
3 0.656765625 0.5941666666666667 0.007421875 0.026805555555555555
