2 0.6412037037037037 0.6166666666666667 0.049074074074074076 0.010416666666666666
2 0.6365740740740741 0.6083333333333333 0.041666666666666664 0.008333333333333333
2 0.718388888888889 0.539953125 0.03360185185185185 0.011765625
3 0.12407407407407411 0.9911458333333333 0.09259259259259259 0.017708333333333333
2 0.6217592592592592 0.36223958333333334 0.04722222222222222 0.009895833333333333
2 0.7158611111111111 0.530140625 0.03302777777777778 0.008463541666666666
2 0.6953703703703704 0.7104166666666667 0.040740740740740744 0.008333333333333333
2 0.7083333333333333 0.38359375 0.03518518518518519 0.008854166666666666
2 0.6634259259259259 0.7010416666666667 0.04537037037037037 0.008333333333333333
2 0.6118148148148148 0.5076145833333333 0.046740740740740735 0.019234375
2 0.7171296296296297 0.3927083333333333 0.03611111111111111 0.007291666666666667
2 0.6652777777777779 0.36432291666666666 0.04537037037037037 0.0109375
2 0.6393518518518518 0.6682291666666667 0.041666666666666664 0.008333333333333333
2 0.5916666666666667 0.8239583333333333 0.05 0.010416666666666666
2 0.6518518518518519 0.559375 0.044444444444444446 0.013541666666666667
2 0.625 0.41822916666666665 0.046296296296296294 0.011458333333333333
2 0.4893518518518518 0.30494791666666665 0.05648148148148148 0.015104166666666667
3 0.5898148148148148 0.46484895833333334 0.05 0.01303125
2 0.48291666666666666 0.7060208333333333 0.06936111111111111 0.014
2 0.3587962962962963 0.2825520833333333 0.0712962962962963 0.015104166666666667
2 0.5004629629629629 0.5268229166666667 0.058333333333333334 0.013020833333333334
0 0.7098055555555556 0.5408177083333333 0.008833333333333332 0.0044062500000000004
2 0.7183240740740742 0.6157916666666666 0.03503703703703704 0.0116875
1 0.6476481481481482 0.05447916666666666 0.04735185185185185 0.011250000000000001
3 0.7726666666666666 0.42784375 0.027814814814814813 0.011000000000000001
