2 0.32407407407407407 0.5388020833333333 0.053703703703703705 0.009895833333333333
2 0.5180555555555555 0.33828125 0.03611111111111111 0.0067708333333333336
2 0.5597222222222222 0.3736979166666667 0.028703703703703703 0.0067708333333333336
2 0.4484814814814815 0.4418697916666667 0.040074074074074074 0.008739583333333334
3 0.14537037037037037 0.9247395833333333 0.06666666666666667 0.0140625
2 0.6097222222222223 0.5455729166666666 0.030555555555555555 0.0078125
1 0.4800925925925926 0.05963541666666667 0.03611111111111111 0.0109375
3 0.4212962962962963 0.4393229166666667 0.046296296296296294 0.009895833333333333
2 0.4277777777777778 0.5580729166666667 0.04814814814814815 0.0078125
2 0.5032407407407408 0.440625 0.03796296296296296 0.009375
2 0.46018518518518514 0.2989583333333333 0.040740740740740744 0.010416666666666666
2 0.2407407407407407 0.37864583333333335 0.06111111111111111 0.014583333333333334
2 0.5282407407407408 0.37890625 0.03611111111111111 0.008854166666666666
2 0.3458333333333333 0.28802083333333334 0.05462962962962963 0.016666666666666666
2 0.5041666666666667 0.5986979166666667 0.03611111111111111 0.0078125
2 0.4533425925925926 0.5718177083333333 0.041462962962962965 0.016552083333333335
2 0.47870370370370374 0.33828125 0.04814814814814815 0.009895833333333333
1 0.5032407407407408 0.8776041666666666 0.03981481481481482 0.010416666666666666
2 0.4981481481481481 0.74375 0.04259259259259259 0.009375
2 0.35462962962962963 0.7411458333333333 0.04814814814814815 0.0125
2 0.413425925925926 0.3736979166666667 0.04722222222222222 0.0078125
2 0.2930555555555555 0.7033854166666667 0.06018518518518518 0.0140625
2 0.17546296296296293 0.2203125 0.06388888888888888 0.014583333333333334
2 0.14768518518518514 0.49322916666666666 0.06759259259259259 0.019791666666666666
3 0.6225833333333333 0.38181770833333334 0.025231481481481483 0.0064531250000000005
0 0.2819999999999999 0.69809375 0.008916666666666668 0.004859375
