2 0.4903645833333333 0.6046296296296296 0.0067708333333333336 0.03333333333333333
2 0.30494791666666665 0.5361111111111111 0.0109375 0.04259259259259259
2 0.5236979166666667 0.6587962962962963 0.005729166666666666 0.026851851851851852
1 0.017708333333333326 0.5532407407407407 0.010416666666666666 0.041666666666666664
2 0.5927083333333334 0.6152777777777778 0.007291666666666667 0.03425925925925926
1 0.8895833333333334 0.5675925925925926 0.007291666666666667 0.03888888888888889
2 0.25087500000000007 0.6301018518518519 0.011098958333333332 0.03610185185185185
2 0.28541666666666665 0.6134259259259259 0.007291666666666667 0.032407407407407406
2 0.4549479166666667 0.4541666666666667 0.009895833333333333 0.049074074074074076
2 0.290625 0.5384259259259259 0.009375 0.041666666666666664
2 0.5455729166666667 0.6180555555555556 0.0078125 0.03425925925925926
3 0.5151041666666667 0.5 0.009375 0.046296296296296294
2 0.6044270833333334 0.500925925925926 0.009895833333333333 0.04814814814814815
2 0.5083333333333333 0.5532407407407407 0.007291666666666667 0.03796296296296296
2 0.6401041666666667 0.5662037037037038 0.007291666666666667 0.041666666666666664
2 0.6486979166666667 0.3555555555555555 0.011979166666666667 0.05925925925925926
2 0.6463541666666667 0.4921296296296296 0.009375 0.049074074074074076
2 0.72421875 0.24907407407407411 0.0140625 0.06111111111111111
2 0.6283854166666667 0.5680555555555555 0.008854166666666666 0.03981481481481482
2 0.4609375 0.5342592592592592 0.009375 0.04259259259259259
2 0.46848958333333335 0.22546296296296298 0.015104166666666667 0.06944444444444445
2 0.20390624999999996 0.37083333333333335 0.013020833333333334 0.05648148148148148
3 0.5706666666666667 0.6903981481481481 0.006338541666666667 0.024305555555555556
0 0.2574166666666666 0.6188425925925927 0.003864583333333333 0.007935185185185186
2 0.3872083333333334 0.6862222222222223 0.007984375 0.026074074074074076
