2 0.37982407407407404 0.7815520833333334 0.05387037037037037 0.021453125
2 0.1712962962962963 0.36953125 0.037037037037037035 0.008854166666666666
1 0.31851851851851853 0.9270833333333334 0.04814814814814815 0.010416666666666666
2 0.24537037037037038 0.6192708333333333 0.04814814814814815 0.010416666666666666
2 0.42083333333333334 0.7458333333333333 0.05462962962962963 0.014583333333333334
3 0.38842592592592595 0.5184895833333334 0.05648148148148148 0.009895833333333333
3 0.9009259259259259 0.0864583333333333 0.1037037037037037 0.025
2 0.2490740740740741 0.5723958333333333 0.04259259259259259 0.010416666666666666
2 0.611574074074074 0.8921875 0.07314814814814814 0.01875
2 0.31296296296296294 0.15703124999999996 0.053703703703703705 0.0109375
2 0.3680555555555556 0.10651041666666672 0.062037037037037036 0.009895833333333333
2 0.2898148148148148 0.5122395833333333 0.04814814814814815 0.015104166666666667
2 0.325 0.8049479166666667 0.05 0.016145833333333335
2 0.41805555555555557 0.7783854166666666 0.05277777777777778 0.0203125
2 0.4375 0.7552083333333334 0.06018518518518518 0.014583333333333334
2 0.2740740740740741 0.12708333333333333 0.04814814814814815 0.010416666666666666
2 0.3976851851851852 0.3700520833333333 0.058333333333333334 0.016145833333333335
2 0.5643518518518519 0.6041666666666667 0.06759259259259259 0.014583333333333334
2 0.5898148148148148 0.809375 0.06666666666666667 0.026041666666666668
2 0.5564814814814815 0.21458333333333335 0.07962962962962963 0.015625
2 0.3685185185185185 0.3416666666666667 0.06111111111111111 0.010416666666666666
2 0.5412037037037037 0.27265625000000004 0.075 0.018229166666666668
2 0.5268518518518519 0.53671875 0.06296296296296296 0.0234375
3 0.12872222222222224 0.5081197916666667 0.03142592592592593 0.009260416666666667
0 0.3975740740740741 0.75065625 0.009111111111111111 0.005630208333333333
