2 0.7432407407407408 0.451890625 0.037592592592592594 0.017119791666666665
2 0.6738240740740741 0.7178489583333333 0.05234259259259259 0.012078125
2 0.6514907407407408 0.6969947916666667 0.04887037037037037 0.014817708333333334
2 0.6726851851851852 0.5223958333333333 0.04351851851851852 0.009375
2 0.7305555555555556 0.6908854166666667 0.03888888888888889 0.0109375
2 0.6464444444444445 0.383796875 0.05525925925925926 0.010526041666666668
2 0.5851851851851853 0.86953125 0.05740740740740741 0.0109375
2 0.7384259259259259 0.4046875 0.03981481481481482 0.015625
2 0.6421296296296296 0.29661458333333335 0.049074074074074076 0.011979166666666667
2 0.6236111111111111 0.6880208333333333 0.05277777777777778 0.019791666666666666
2 0.6388888888888888 0.46640625 0.04814814814814815 0.013020833333333334
2 0.6388888888888888 0.6247395833333333 0.05185185185185185 0.013020833333333334
2 0.6027777777777779 0.5859375 0.053703703703703705 0.013541666666666667
3 0.5972222222222222 0.47708333333333336 0.05555555555555555 0.0125
2 0.649537037037037 0.7421875 0.05092592592592592 0.015625
2 0.5893518518518519 0.5424479166666667 0.05462962962962963 0.016145833333333335
2 0.4604259259259259 0.5898177083333334 0.06987962962962962 0.019223958333333332
2 0.5666666666666667 0.27708333333333335 0.06111111111111111 0.011458333333333333
2 0.21250000000000002 0.28515625 0.08425925925925926 0.033854166666666664
2 0.399537037037037 0.6549479166666666 0.08055555555555556 0.0171875
2 0.38042592592592595 0.245578125 0.07987962962962962 0.022411458333333335
0 0.5862592592592593 0.5821302083333334 0.009657407407407408 0.005098958333333333
3 0.7919537037037037 0.3540989583333333 0.03727777777777778 0.009229166666666667
