2 0.5924479166666667 0.600462962962963 0.0067708333333333336 0.032407407407407406
2 0.37473958333333335 0.44212962962962965 0.015104166666666667 0.04537037037037037
2 0.5323697916666666 0.5354074074074074 0.007442708333333333 0.04399074074074074
1 0.92890625 0.5222222222222221 0.009895833333333333 0.03888888888888889
3 0.0654010416666666 0.11482407407407402 0.023807291666666668 0.07961111111111112
2 0.36067708333333337 0.5388888888888889 0.008854166666666666 0.03888888888888889
2 0.53515625 0.4745370370370371 0.0078125 0.04351851851851852
2 0.63671875 0.5569444444444445 0.0078125 0.03981481481481482
2 0.6796875 0.5041666666666667 0.009375 0.04351851851851852
1 0.042583333333333306 0.5129444444444444 0.014338541666666668 0.04262962962962963
2 0.25755208333333335 0.5620370370370371 0.009895833333333333 0.040740740740740744
3 0.55234375 0.4222222222222223 0.009895833333333333 0.05185185185185185
2 0.6963541666666666 0.3930555555555556 0.0125 0.05648148148148148
2 0.5833333333333333 0.5694444444444444 0.008333333333333333 0.037037037037037035
2 0.43723958333333335 0.38148148148148153 0.011979166666666667 0.05185185185185185
2 0.64765625 0.5212962962962964 0.009895833333333333 0.044444444444444446
2 0.4697916666666667 0.4305555555555556 0.011458333333333333 0.053703703703703705
2 0.60703125 0.4481481481481482 0.011979166666666667 0.04814814814814815
2 0.2348958333333333 0.3032407407407407 0.0125 0.062037037037037036
2 0.6302083333333333 0.28101851851851856 0.017708333333333333 0.062037037037037036
2 0.2588541666666667 0.4023148148148148 0.011458333333333333 0.049074074074074076
2 0.73984375 0.16342592592592597 0.015104166666666667 0.06574074074074074
2 0.4838541666666667 0.15601851851851856 0.01875 0.07314814814814814
2 0.43119791666666674 0.649824074074074 0.008380208333333333 0.03468518518518519
3 0.5916041666666667 0.6609537037037037 0.006583333333333333 0.028027777777777776
0 0.26264062499999996 0.4047962962962962 0.004489583333333333 0.008546296296296297
