2 0.7422777777777778 0.7268385416666666 0.028407407407407406 0.017156249999999998
2 0.75 0.3841145833333333 0.02962962962962963 0.0078125
2 0.7555555555555555 0.6307291666666667 0.027777777777777776 0.007291666666666667
2 0.7481481481481482 0.62265625 0.02962962962962963 0.0078125
2 0.6986111111111111 0.37526041666666665 0.04351851851851852 0.0109375
2 0.6601851851851852 0.3723958333333333 0.046296296296296294 0.009375
2 0.6652777777777779 0.5622395833333333 0.04351851851851852 0.008854166666666666
2 0.7458333333333333 0.3927083333333333 0.03425925925925926 0.011458333333333333
2 0.7472222222222222 0.5591145833333333 0.03518518518518519 0.008854166666666666
2 0.7314814814814814 0.7075520833333333 0.03333333333333333 0.011979166666666667
2 0.6907407407407408 0.6502604166666667 0.037037037037037035 0.008854166666666666
2 0.4004629629629629 0.30052083333333335 0.062037037037037036 0.010416666666666666
2 0.6847222222222222 0.5140625 0.041666666666666664 0.010416666666666666
2 0.6263888888888889 0.8052083333333333 0.049074074074074076 0.017708333333333333
2 0.6800925925925926 0.42083333333333334 0.04351851851851852 0.007291666666666667
1 0.650462962962963 0.051041666666666666 0.04351851851851852 0.011458333333333333
2 0.6175925925925926 0.42083333333333334 0.04814814814814815 0.0125
2 0.6467592592592593 0.66640625 0.04351851851851852 0.011979166666666667
3 0.6310185185185185 0.490625 0.04537037037037037 0.011458333333333333
2 0.5328703703703703 0.5307291666666667 0.05462962962962963 0.014583333333333334
2 0.5365740740740741 0.7135416666666666 0.06018518518518518 0.0125
2 0.5194444444444444 0.3177083333333333 0.053703703703703705 0.01875
3 0.7811296296296296 0.4178645833333333 0.02815740740740741 0.008723958333333334
0 0.7293796296296297 0.7351770833333333 0.010018518518518519 0.005020833333333334
