2 0.42247916666666674 0.8159814814814814 0.015041666666666667 0.036564814814814814
2 0.4553072916666667 0.7115277777777778 0.012307291666666666 0.04187962962962963
2 0.68359375 0.7683055555555556 0.011979166666666667 0.046296296296296294
2 0.5307291666666667 0.7101851851851853 0.019791666666666666 0.046296296296296294
2 0.6231770833333333 0.6416666666666666 0.0140625 0.05555555555555555
2 0.24427083333333333 0.7643518518518518 0.020833333333333332 0.03981481481481482
2 0.18593749999999998 0.5856481481481481 0.019791666666666666 0.06944444444444445
2 0.22447916666666667 0.7347222222222223 0.010416666666666666 0.05277777777777778
2 0.2895833333333333 0.7810185185185186 0.009375 0.04537037037037037
2 0.20026041666666672 0.5703703703703704 0.021354166666666667 0.06111111111111111
2 0.7244791666666667 0.6560185185185186 0.011458333333333333 0.05648148148148148
2 0.5645833333333333 0.7486111111111111 0.011458333333333333 0.04722222222222222
2 0.5848958333333334 0.38009259259259254 0.023958333333333335 0.075
3 0.06492708333333341 0.12537037037037035 0.04339583333333333 0.10111111111111111
2 0.4341145833333333 0.7175925925925926 0.015104166666666667 0.046296296296296294
2 0.60234375 0.6777777777777778 0.0109375 0.053703703703703705
2 0.5544270833333333 0.6287037037037038 0.013020833333333334 0.053703703703703705
3 0.51171875 0.6365740740740741 0.016145833333333335 0.058333333333333334
2 0.5278645833333333 0.5564814814814815 0.0171875 0.06111111111111111
2 0.6440104166666667 0.6023148148148147 0.015104166666666667 0.06018518518518518
2 0.3966145833333333 0.4467592592592593 0.0296875 0.06944444444444445
2 0.4521093749999999 0.7366481481481482 0.010682291666666668 0.04282407407407408
0 0.43790104166666666 0.7156203703703703 0.005114583333333334 0.008324074074074074
3 0.6039322916666666 0.8629074074074075 0.009880208333333333 0.03163888888888889
