3 0.9045648148148148 0.14021875000000006 0.0869074074074074 0.037723958333333335
2 0.3458333333333333 0.3338541666666667 0.03611111111111111 0.009375
2 0.3712962962962963 0.4932291666666667 0.03518518518518519 0.010416666666666666
2 0.30787037037037035 0.4234375 0.03425925925925926 0.008333333333333333
0 0.8444444444444444 0.26145833333333335 0.012962962962962963 0.007291666666666667
2 0.5409814814814815 0.22889062500000001 0.056046296296296295 0.01923958333333333
2 0.4439814814814815 0.31276041666666665 0.041666666666666664 0.0140625
2 0.35509259259259257 0.60625 0.03981481481481482 0.008333333333333333
1 0.4148148148148148 0.9283854166666666 0.04259259259259259 0.011979166666666667
2 0.4064814814814815 0.2911458333333333 0.040740740740740744 0.0125
2 0.4375 0.2611979166666667 0.04537037037037037 0.016145833333333335
2 0.45601851851851855 0.653125 0.04722222222222222 0.009375
2 0.7580277777777777 0.19019791666666674 0.07152777777777777 0.020151041666666664
2 0.34120370370370373 0.37239583333333337 0.03425925925925926 0.010416666666666666
2 0.42824074074074076 0.46744791666666663 0.04537037037037037 0.013020833333333334
2 0.575 0.5966145833333334 0.05740740740740741 0.016145833333333335
2 0.44074074074074077 0.4341145833333333 0.04259259259259259 0.011979166666666667
2 0.5842592592592593 0.8127604166666667 0.053703703703703705 0.013020833333333334
3 0.4930555555555556 0.4765625 0.049074074074074076 0.013541666666666667
2 0.7986111111111112 0.19062500000000004 0.0787037037037037 0.026041666666666668
2 0.5657407407407408 0.8567708333333334 0.05740740740740741 0.020833333333333332
2 0.5263888888888889 0.678125 0.05277777777777778 0.0125
2 0.749537037037037 0.76796875 0.062037037037037036 0.0265625
2 0.6787037037037037 0.8408854166666666 0.05925925925925926 0.019270833333333334
3 0.2792777777777778 0.6408750000000001 0.028574074074074075 0.009895833333333333
