2 0.1856927083333333 0.7331481481481481 0.011947916666666667 0.0337037037037037
2 0.14192708333333337 0.6583240740740741 0.014624999999999999 0.04476851851851852
2 0.2755208333333333 0.7611111111111111 0.011458333333333333 0.03518518518518519
2 0.15442708333333333 0.7527777777777778 0.008854166666666666 0.03148148148148148
2 0.17080208333333335 0.6921203703703704 0.009442708333333332 0.04353703703703704
2 0.40765625000000005 0.7281666666666666 0.008895833333333332 0.03810185185185185
2 0.13417187499999994 0.6176666666666666 0.01196875 0.051111111111111114
2 0.27473958333333337 0.688425925925926 0.008854166666666666 0.03981481481481482
2 0.41613020833333336 0.639824074074074 0.014119791666666666 0.04997222222222222
2 0.20442708333333337 0.6916666666666667 0.0109375 0.04259259259259259
2 0.4223958333333333 0.7509259259259259 0.0125 0.03333333333333333
2 0.15807291666666667 0.6768518518518518 0.0109375 0.04814814814814815
1 0.8515729166666667 0.6737037037037037 0.009359375 0.04351851851851852
2 0.5870729166666666 0.7032592592592593 0.009088541666666667 0.043472222222222225
3 0.3260416666666667 0.6810185185185185 0.011458333333333333 0.04351851851851852
2 0.34609375 0.700462962962963 0.008854166666666666 0.041666666666666664
2 0.1830729166666667 0.49537037037037035 0.015104166666666667 0.05555555555555555
2 0.6354166666666667 0.6967592592592593 0.011458333333333333 0.041666666666666664
2 0.20963541666666663 0.6430555555555555 0.011979166666666667 0.04351851851851852
2 0.5846354166666667 0.650462962962963 0.0140625 0.04537037037037037
2 0.6408854166666667 0.6129629629629629 0.0171875 0.05
2 0.4884739583333333 0.47370370370370374 0.019661458333333333 0.06555555555555555
0 0.847140625 0.6547129629629629 0.00475 0.008324074074074074
3 0.615046875 0.770287037037037 0.01003125 0.02901851851851852
