2 0.5135416666666667 0.7152777777777778 0.0125 0.05277777777777778
2 0.18046874999999996 0.7217592592592592 0.009895833333333333 0.049074074074074076
2 0.39765625000000004 0.8134259259259259 0.009895833333333333 0.03796296296296296
2 0.6565104166666667 0.75 0.009895833333333333 0.04814814814814815
2 0.6411458333333333 0.5736111111111111 0.013541666666666667 0.058333333333333334
2 0.5048697916666667 0.7041759259259259 0.022244791666666666 0.03793518518518518
1 0.9307708333333333 0.6976851851851852 0.015625 0.049074074074074076
2 0.20911458333333333 0.7486111111111111 0.009895833333333333 0.049074074074074076
2 0.7333333333333334 0.6837962962962962 0.011458333333333333 0.05092592592592592
2 0.61328125 0.675 0.013020833333333334 0.05185185185185185
2 0.6348958333333333 0.624074074074074 0.016666666666666666 0.05
2 0.4354166666666667 0.5583333333333333 0.013541666666666667 0.07037037037037037
2 0.16901041666666672 0.7032407407407407 0.011979166666666667 0.049074074074074076
2 0.7544270833333333 0.37916666666666665 0.028645833333333332 0.0712962962962963
3 0.509375 0.5990740740740741 0.015625 0.05555555555555555
2 0.41640625 0.6412037037037037 0.011979166666666667 0.05462962962962963
3 0.13297395833333325 0.12870370370370365 0.03546875 0.0962962962962963
2 0.5916666666666667 0.475462962962963 0.023958333333333335 0.06574074074074074
2 0.69140625 0.5546296296296296 0.024479166666666666 0.06296296296296296
2 0.625 0.3916666666666667 0.0375 0.07222222222222222
2 0.19817708333333328 0.5282407407407408 0.018229166666666668 0.0712962962962963
2 0.23333333333333328 0.5064814814814815 0.01875 0.06666666666666667
3 0.5412291666666667 0.8698055555555555 0.009958333333333335 0.034055555555555554
0 0.5347500000000001 0.6831481481481482 0.005854166666666666 0.011592592592592592
2 0.512875 0.7044351851851852 0.011338541666666667 0.043083333333333335
