3 0.22465740740740742 0.5646145833333334 0.034499999999999996 0.007348958333333333
2 0.3215925925925926 0.19023958333333335 0.045037037037037035 0.009640625000000002
2 0.25822222222222224 0.19635416666666672 0.036814814814814814 0.010416666666666666
2 0.24259259259259258 0.5072916666666667 0.03333333333333333 0.007291666666666667
2 0.43657407407407406 0.18359375 0.06388888888888888 0.0109375
2 0.3366388888888889 0.19477604166666673 0.047101851851851846 0.011979166666666667
2 0.38564814814814813 0.19635416666666672 0.04722222222222222 0.010416666666666666
2 0.275 0.2182291666666667 0.03888888888888889 0.0125
2 0.275 0.44895833333333335 0.037037037037037035 0.00625
2 0.31851851851851853 0.57265625 0.04259259259259259 0.008854166666666666
2 0.42824074074074076 0.17614062500000005 0.05462962962962963 0.014635416666666668
2 0.3333333333333333 0.3614583333333333 0.046296296296296294 0.010416666666666666
2 0.32083333333333336 0.2075520833333333 0.041666666666666664 0.008854166666666666
3 0.3547314814814815 0.3552708333333333 0.04722222222222222 0.010416666666666666
2 0.34120370370370373 0.3109375 0.04351851851851852 0.011458333333333333
2 0.3819444444444444 0.7278645833333333 0.04537037037037037 0.0171875
2 0.36157407407407405 0.5651041666666667 0.04537037037037037 0.011458333333333333
2 0.5986111111111111 0.28932291666666665 0.06944444444444445 0.018229166666666668
3 0.961574074074074 0.015364583333333348 0.075 0.030729166666666665
1 0.3300925925925926 0.8004635416666667 0.04722222222222222 0.017822916666666667
2 0.37037037037037035 0.69765625 0.04814814814814815 0.0109375
2 0.3962962962962963 0.43776041666666665 0.05185185185185185 0.0171875
2 0.674537037037037 0.62890625 0.06574074074074074 0.024479166666666666
0 0.3494351851851852 0.7896510416666667 0.010435185185185184 0.005578125000000001
2 0.23793518518518522 0.2649947916666666 0.04000925925925926 0.0095625
