0 0.7106481481481481 0.15000000000000002 0.010185185185185186 0.00625
2 0.612712962962963 0.7436458333333333 0.045648148148148146 0.0109375
2 0.5491851851851852 0.42823958333333334 0.038953703703703706 0.010192708333333333
2 0.4685185185185185 0.46744791666666663 0.03148148148148148 0.0078125
2 0.47685185185185186 0.6369791666666667 0.03148148148148148 0.007291666666666667
1 0.5175925925925926 0.14921874999999996 0.03888888888888889 0.008854166666666666
2 0.5388888888888889 0.6815104166666667 0.044444444444444446 0.008854166666666666
2 0.5504629629629629 0.5903645833333333 0.041666666666666664 0.0078125
2 0.6069444444444444 0.5848958333333334 0.04537037037037037 0.010416666666666666
2 0.562962962962963 0.44505208333333335 0.044444444444444446 0.008854166666666666
3 0.589574074074074 0.540625 0.04351851851851852 0.009375
2 0.6638888888888889 0.49765625 0.05185185185185185 0.008854166666666666
2 0.6824074074074075 0.3799479166666667 0.05 0.0203125
2 0.525 0.6955729166666667 0.03888888888888889 0.0078125
2 0.6393518518518518 0.72890625 0.04722222222222222 0.009895833333333333
2 0.6856481481481481 0.77421875 0.05092592592592592 0.0109375
3 0.8555648148148148 0.06234375000000003 0.06484259259259259 0.024687499999999998
2 0.7912037037037037 0.7390625 0.06388888888888888 0.014583333333333334
2 0.700462962962963 0.12708333333333333 0.05462962962962963 0.01875
2 0.6898148148148148 0.5471354166666667 0.053703703703703705 0.0109375
2 0.8870370370370371 0.6049479166666667 0.06666666666666667 0.015104166666666667
2 0.6949074074074074 0.50546875 0.05462962962962963 0.0171875
2 0.7962962962962963 0.9489583333333333 0.05555555555555555 0.014583333333333334
2 0.6016666666666666 0.7403541666666666 0.044842592592592594 0.011958333333333333
3 0.40859259259259256 0.6599062499999999 0.025944444444444444 0.005682291666666667
