2 0.799074074074074 0.29322916666666665 0.040740740740740744 0.009375
1 0.7828703703703703 0.19791666666666666 0.04722222222222222 0.010416666666666666
2 0.837962962962963 0.325 0.040740740740740744 0.008333333333333333
2 0.8212962962962963 0.371875 0.040740740740740744 0.008333333333333333
2 0.8268518518518518 0.559375 0.03518518518518519 0.010416666666666666
2 0.8356481481481481 0.4783854166666667 0.03611111111111111 0.0078125
2 0.8074074074074074 0.40963541666666664 0.040740740740740744 0.009895833333333333
2 0.7217592592592592 0.4505208333333333 0.041666666666666664 0.009375
2 0.6824074074074074 0.125 0.053703703703703705 0.0125
2 0.8162037037037038 0.6708333333333333 0.041666666666666664 0.007291666666666667
2 0.6944444444444444 0.6731770833333334 0.05185185185185185 0.008854166666666666
2 0.7472222222222222 0.45755208333333336 0.044444444444444446 0.008854166666666666
2 0.7814814814814814 0.6473958333333333 0.046296296296296294 0.008333333333333333
2 0.7125 0.40338541666666666 0.05277777777777778 0.009895833333333333
2 0.7550925925925926 0.8328125 0.05092592592592592 0.0125
2 0.6722222222222223 0.834375 0.05925925925925926 0.009375
2 0.7300925925925925 0.6638020833333333 0.05092592592592592 0.009895833333333333
2 0.6481481481481481 0.7322916666666667 0.05925925925925926 0.0125
2 0.6328703703703704 0.34140625 0.05462962962962963 0.0140625
3 0.762962962962963 0.5611979166666666 0.046296296296296294 0.0140625
2 0.5699074074074074 0.30755208333333334 0.06574074074074074 0.0140625
2 0.5430555555555556 0.7192708333333333 0.06759259259259259 0.019791666666666666
3 0.07592592592592595 0.8940104166666667 0.1037037037037037 0.022395833333333334
0 0.7765277777777778 0.22991666666666666 0.010777777777777778 0.006229166666666667
3 0.883462962962963 0.41215625 0.032749999999999994 0.008046875
