2 0.6046296296296296 0.5096354166666667 0.03333333333333333 0.0067708333333333336
2 0.5361111111111111 0.6950520833333333 0.04259259259259259 0.0109375
2 0.6587962962962963 0.47630208333333335 0.026851851851851852 0.005729166666666666
1 0.5532407407407407 0.9822916666666667 0.041666666666666664 0.010416666666666666
2 0.6152777777777778 0.40729166666666666 0.03425925925925926 0.007291666666666667
1 0.5675925925925926 0.11041666666666666 0.03888888888888889 0.007291666666666667
2 0.6301018518518519 0.7491249999999999 0.03610185185185185 0.011098958333333332
2 0.6134259259259259 0.7145833333333333 0.032407407407407406 0.007291666666666667
2 0.4541666666666667 0.5450520833333333 0.049074074074074076 0.009895833333333333
2 0.5384259259259259 0.709375 0.041666666666666664 0.009375
2 0.6180555555555556 0.4544270833333333 0.03425925925925926 0.0078125
3 0.5 0.48489583333333336 0.046296296296296294 0.009375
2 0.500925925925926 0.39557291666666666 0.04814814814814815 0.009895833333333333
2 0.5532407407407407 0.49166666666666664 0.03796296296296296 0.007291666666666667
2 0.5662037037037038 0.35989583333333336 0.041666666666666664 0.007291666666666667
2 0.3555555555555555 0.35130208333333335 0.05925925925925926 0.011979166666666667
2 0.4921296296296296 0.3536458333333333 0.049074074074074076 0.009375
2 0.24907407407407411 0.27578125 0.06111111111111111 0.0140625
2 0.5680555555555555 0.37161458333333336 0.03981481481481482 0.008854166666666666
2 0.5342592592592592 0.5390625 0.04259259259259259 0.009375
2 0.22546296296296298 0.5315104166666667 0.06944444444444445 0.015104166666666667
2 0.37083333333333335 0.79609375 0.05648148148148148 0.013020833333333334
3 0.6903981481481481 0.42933333333333334 0.024305555555555556 0.006338541666666667
0 0.6188425925925927 0.7425833333333334 0.007935185185185186 0.003864583333333333
2 0.6862222222222223 0.6127916666666666 0.026074074074074076 0.007984375
