2 0.27037037037037037 0.48463541666666665 0.03333333333333333 0.008854166666666666
2 0.27824074074074073 0.47630208333333335 0.03425925925925926 0.008854166666666666
2 0.2657407407407407 0.7200520833333333 0.03148148148148148 0.0078125
2 0.275 0.7604166666666666 0.03518518518518519 0.013541666666666667
2 0.42407407407407405 0.245328125 0.05 0.014546874999999999
2 0.31157407407407406 0.765625 0.03796296296296296 0.009375
1 0.275 0.16666666666666663 0.03518518518518519 0.010416666666666666
2 0.25972222222222224 0.38645833333333335 0.03425925925925926 0.007291666666666667
2 0.29907407407407405 0.3822916666666667 0.03888888888888889 0.010416666666666666
2 0.2462962962962963 0.4190104166666667 0.03333333333333333 0.0067708333333333336
2 0.31574074074074077 0.7877604166666666 0.03888888888888889 0.009895833333333333
2 0.2953703703703704 0.7401041666666667 0.03518518518518519 0.011458333333333333
3 0.36064814814814816 0.55859375 0.041666666666666664 0.011979166666666667
2 0.3226851851851852 0.684375 0.041666666666666664 0.008333333333333333
2 0.2587962962962963 0.25078124999999996 0.032407407407407406 0.0109375
2 0.45694444444444443 0.7658854166666667 0.05092592592592592 0.015104166666666667
2 0.38842592592592595 0.78828125 0.04537037037037037 0.016145833333333335
2 0.3541666666666667 0.6205729166666667 0.04351851851851852 0.0109375
2 0.36018518518518516 0.6515625 0.046296296296296294 0.0125
2 0.44722222222222224 0.359375 0.05185185185185185 0.010416666666666666
2 0.6037037037037037 0.5885416666666667 0.07037037037037037 0.0125
2 0.537962962962963 0.7419270833333333 0.05555555555555555 0.018229166666666668
3 0.2508888888888889 0.781859375 0.030740740740740742 0.012635416666666668
