2 0.548109375 0.7432407407407408 0.017119791666666665 0.037592592592592594
2 0.2821510416666667 0.6738240740740741 0.012078125 0.05234259259259259
2 0.30300520833333333 0.6514907407407408 0.014817708333333334 0.04887037037037037
2 0.4776041666666667 0.6726851851851852 0.009375 0.04351851851851852
2 0.3091145833333333 0.7305555555555556 0.0109375 0.03888888888888889
2 0.616203125 0.6464444444444445 0.010526041666666668 0.05525925925925926
2 0.13046875000000002 0.5851851851851853 0.0109375 0.05740740740740741
2 0.5953125 0.7384259259259259 0.015625 0.03981481481481482
2 0.7033854166666667 0.6421296296296296 0.011979166666666667 0.049074074074074076
2 0.3119791666666667 0.6236111111111111 0.019791666666666666 0.05277777777777778
2 0.53359375 0.6388888888888888 0.013020833333333334 0.04814814814814815
2 0.37526041666666665 0.6388888888888888 0.013020833333333334 0.05185185185185185
2 0.4140625 0.6027777777777779 0.013541666666666667 0.053703703703703705
3 0.5229166666666667 0.5972222222222222 0.0125 0.05555555555555555
2 0.2578125 0.649537037037037 0.015625 0.05092592592592592
2 0.4575520833333333 0.5893518518518519 0.016145833333333335 0.05462962962962963
2 0.41018229166666664 0.4604259259259259 0.019223958333333332 0.06987962962962962
2 0.7229166666666667 0.5666666666666667 0.011458333333333333 0.06111111111111111
2 0.71484375 0.21250000000000002 0.033854166666666664 0.08425925925925926
2 0.34505208333333337 0.399537037037037 0.0171875 0.08055555555555556
2 0.754421875 0.38042592592592595 0.022411458333333335 0.07987962962962962
0 0.4178697916666666 0.5862592592592593 0.005098958333333333 0.009657407407407408
3 0.6459010416666666 0.7919537037037037 0.009229166666666667 0.03727777777777778
