2 0.35130208333333335 0.6921296296296297 0.0078125 0.026851851851851852
1 0.8545416666666666 0.5752685185185185 0.014880208333333334 0.04019444444444444
2 0.63125 0.6337962962962963 0.008333333333333333 0.03611111111111111
2 0.29322916666666665 0.5583333333333333 0.008333333333333333 0.040740740740740744
2 0.25312500000000004 0.625 0.007291666666666667 0.037037037037037035
2 0.2611979166666667 0.5694444444444444 0.009895833333333333 0.040740740740740744
2 0.8888020833333333 0.39675925925925926 0.022395833333333334 0.05277777777777778
2 0.6700520833333333 0.2601851851851852 0.013020833333333334 0.06481481481481481
2 0.57421875 0.6305555555555555 0.008854166666666666 0.03518518518518519
3 0.3872395833333333 0.5273148148148148 0.009895833333333333 0.04722222222222222
2 0.709375 0.5162037037037037 0.0125 0.049074074074074076
2 0.81328125 0.3833333333333333 0.018229166666666668 0.04814814814814815
2 0.7578125 0.5148148148148148 0.009375 0.046296296296296294
2 0.5026041666666667 0.5912037037037037 0.008333333333333333 0.03981481481481482
2 0.34348958333333335 0.5625 0.0140625 0.03981481481481482
2 0.6033854166666667 0.4819444444444444 0.021354166666666667 0.04537037037037037
2 0.24817708333333333 0.5356481481481481 0.0140625 0.04722222222222222
2 0.33906250000000004 0.3587962962962963 0.013541666666666667 0.06388888888888888
2 0.2723958333333333 0.35138888888888886 0.016666666666666666 0.06574074074074074
2 0.390625 0.4199074074074074 0.014583333333333334 0.058333333333333334
2 0.5822916666666667 0.4814814814814815 0.015625 0.04814814814814815
2 0.6463541666666667 0.2856481481481481 0.019791666666666666 0.06574074074074074
3 0.20130208333333333 0.14166666666666672 0.024479166666666666 0.07777777777777778
3 0.5600260416666667 0.7259629629629629 0.008109375 0.0254537037037037
0 0.9036927083333334 0.3809814814814815 0.0054062500000000005 0.010342592592592592
