2 0.6058802083333333 0.5617129629629629 0.011479166666666667 0.039009259259259264
1 0.9846354166666667 0.5703703703703704 0.013020833333333334 0.03888888888888889
2 0.5557291666666666 0.688425925925926 0.009375 0.026851851851851852
2 0.7231770833333333 0.5824074074074075 0.0078125 0.04259259259259259
2 0.7184114583333334 0.4856203703703704 0.018395833333333333 0.050305555555555555
2 0.40312499999999996 0.6324074074074074 0.007291666666666667 0.03518518518518519
2 0.53359375 0.6347222222222222 0.0078125 0.03611111111111111
2 0.715625 0.5819444444444444 0.009375 0.04537037037037037
2 0.671875 0.6351851851851852 0.008333333333333333 0.03518518518518519
2 0.6067708333333333 0.6722222222222223 0.007291666666666667 0.03333333333333333
3 0.6080729166666667 0.5462962962962963 0.011979166666666667 0.044444444444444446
2 0.11041666666666672 0.5935185185185186 0.010416666666666666 0.04259259259259259
2 0.3369791666666667 0.6694444444444445 0.009375 0.03518518518518519
2 0.5286458333333333 0.48888888888888893 0.008333333333333333 0.04814814814814815
2 0.42421875 0.6018518518518519 0.0078125 0.03888888888888889
2 0.40598958333333335 0.561574074074074 0.008854166666666666 0.041666666666666664
2 0.54296875 0.5310185185185186 0.009895833333333333 0.04722222222222222
2 0.6661458333333333 0.5231481481481481 0.008333333333333333 0.046296296296296294
3 0.02163020833333329 0.1753796296296296 0.020468749999999997 0.08072222222222222
2 0.18776041666666665 0.5050925925925926 0.015104166666666667 0.04537037037037037
2 0.7236979166666666 0.39537037037037037 0.0109375 0.05740740740740741
2 0.6385416666666667 0.4388888888888889 0.011458333333333333 0.05555555555555555
2 0.53359375 0.19398148148148153 0.027604166666666666 0.06944444444444445
0 0.19361458333333337 0.48743518518518514 0.005291666666666667 0.009509259259259259
2 0.4663802083333334 0.7156574074074074 0.011192708333333332 0.03375925925925926
3 0.6457083333333333 0.7124351851851851 0.008567708333333333 0.027962962962962964
