2 0.8159814814814814 0.5775208333333333 0.036564814814814814 0.015041666666666667
2 0.7115277777777778 0.5446927083333333 0.04187962962962963 0.012307291666666666
2 0.7683055555555556 0.31640625 0.046296296296296294 0.011979166666666667
2 0.7101851851851853 0.46927083333333336 0.046296296296296294 0.019791666666666666
2 0.6416666666666666 0.3768229166666667 0.05555555555555555 0.0140625
2 0.7643518518518518 0.7557291666666667 0.03981481481481482 0.020833333333333332
2 0.5856481481481481 0.8140625 0.06944444444444445 0.019791666666666666
2 0.7347222222222223 0.7755208333333333 0.05277777777777778 0.010416666666666666
2 0.7810185185185186 0.7104166666666667 0.04537037037037037 0.009375
2 0.5703703703703704 0.7997395833333333 0.06111111111111111 0.021354166666666667
2 0.6560185185185186 0.2755208333333333 0.05648148148148148 0.011458333333333333
2 0.7486111111111111 0.4354166666666667 0.04722222222222222 0.011458333333333333
2 0.38009259259259254 0.41510416666666666 0.075 0.023958333333333335
3 0.12537037037037035 0.9350729166666666 0.10111111111111111 0.04339583333333333
2 0.7175925925925926 0.5658854166666667 0.046296296296296294 0.015104166666666667
2 0.6777777777777778 0.39765625 0.053703703703703705 0.0109375
2 0.6287037037037038 0.44557291666666665 0.053703703703703705 0.013020833333333334
3 0.6365740740740741 0.48828125 0.058333333333333334 0.016145833333333335
2 0.5564814814814815 0.47213541666666664 0.06111111111111111 0.0171875
2 0.6023148148148147 0.35598958333333336 0.06018518518518518 0.015104166666666667
2 0.4467592592592593 0.6033854166666667 0.06944444444444445 0.0296875
2 0.7366481481481482 0.5478906250000001 0.04282407407407408 0.010682291666666668
0 0.7156203703703703 0.5620989583333333 0.008324074074074074 0.005114583333333334
3 0.8629074074074075 0.3960677083333334 0.03163888888888889 0.009880208333333333
