2 0.48438888888888887 0.3470416666666667 0.036787037037037035 0.01328125
3 0.09794444444444439 0.7650989583333333 0.06336111111111112 0.032296874999999996
1 0.46851851851851856 0.0546875 0.03518518518518519 0.010416666666666666
2 0.5416666666666667 0.4596354166666667 0.02962962962962963 0.0067708333333333336
2 0.49629629629629635 0.6520833333333333 0.037037037037037035 0.009375
2 0.3287037037037037 0.17734375 0.05 0.0171875
2 0.42592592592592593 0.4588541666666667 0.044444444444444446 0.0125
2 0.43101851851851847 0.6671875 0.04351851851851852 0.008333333333333333
2 0.2930555555555555 0.5161458333333333 0.058333333333333334 0.010416666666666666
2 0.41620370370370374 0.28411458333333334 0.04537037037037037 0.0109375
3 0.4120370370370371 0.4981770833333333 0.046296296296296294 0.011979166666666667
2 0.3666666666666667 0.29661458333333335 0.05185185185185185 0.0140625
2 0.2592592592592593 0.5434895833333333 0.06111111111111111 0.013020833333333334
2 0.22777777777777775 0.3458333333333333 0.06111111111111111 0.015625
2 0.30000000000000004 0.559375 0.053703703703703705 0.0125
2 0.36111111111111116 0.45208333333333334 0.05185185185185185 0.016666666666666666
2 0.3935185185185185 0.57421875 0.04814814814814815 0.013020833333333334
2 0.32592592592592595 0.53515625 0.053703703703703705 0.015104166666666667
2 0.3194444444444444 0.7299479166666667 0.053703703703703705 0.0203125
2 0.2782407407407408 0.05234375 0.05092592592592592 0.013020833333333334
2 0.3666666666666667 0.31536458333333334 0.04814814814814815 0.016145833333333335
2 0.1615740740740741 0.41770833333333335 0.06388888888888888 0.020833333333333332
2 0.46212037037037035 0.3421041666666667 0.04814814814814815 0.0133125
3 0.6096851851851852 0.3836822916666666 0.0254537037037037 0.006953125
0 0.2970277777777778 0.7331614583333333 0.012861111111111111 0.0066927083333333335
