2 0.2657407407407407 0.6768229166666666 0.02962962962962963 0.0078125
3 0.25 0.7591145833333334 0.027777777777777776 0.009895833333333333
2 0.26944444444444443 0.70078125 0.03148148148148148 0.009895833333333333
1 0.3074074074074074 0.03832291666666665 0.040740740740740744 0.011979166666666667
2 0.27708333333333335 0.5302604166666667 0.03473148148148148 0.009473958333333334
2 0.2652777777777778 0.40156250000000004 0.03796296296296296 0.011458333333333333
2 0.30324074074074076 0.621875 0.03981481481481482 0.007291666666666667
2 0.33611111111111114 0.5653645833333334 0.040740740740740744 0.008854166666666666
3 0.35648148148148145 0.5744791666666667 0.04259259259259259 0.011458333333333333
2 0.27685185185185185 0.22473958333333333 0.037037037037037035 0.0109375
2 0.2861111111111111 0.6643229166666667 0.03148148148148148 0.011979166666666667
2 0.4074074074074074 0.75 0.044444444444444446 0.015625
2 0.30787037037037035 0.37421875000000004 0.03796296296296296 0.008854166666666666
2 0.29224074074074075 0.7446770833333334 0.032185185185185185 0.009140625000000001
2 0.3351851851851852 0.6434895833333334 0.04259259259259259 0.0109375
2 0.28194444444444444 0.33958333333333335 0.03981481481481482 0.010416666666666666
2 0.4083333333333333 0.3057291666666667 0.05 0.014583333333333334
3 0.7921574074074074 0.028552083333333256 0.08247222222222221 0.02480729166666667
2 0.35185185185185186 0.79609375 0.044444444444444446 0.0109375
2 0.44027777777777777 0.3263020833333333 0.05277777777777778 0.011979166666666667
2 0.5296296296296297 0.50078125 0.05925925925925926 0.011979166666666667
2 0.49675925925925923 0.7763020833333334 0.05277777777777778 0.015104166666666667
0 0.269037037037037 0.6938802083333333 0.006592592592592593 0.0036197916666666666
2 0.28983333333333333 0.7476822916666667 0.037814814814814815 0.008619791666666666
2 0.26728703703703705 0.5308177083333333 0.03443518518518518 0.01040625
