2 0.3572037037037037 0.6801510416666667 0.0337037037037037 0.009135416666666667
2 0.2912037037037037 0.5416666666666667 0.03796296296296296 0.010416666666666666
2 0.3675925925925926 0.6838541666666667 0.03888888888888889 0.009375
2 0.6981574074074074 0.5171770833333333 0.05928703703703704 0.025015625
2 0.6689814814814815 0.8953125 0.04537037037037037 0.019791666666666666
2 0.55 0.6859375 0.037037037037037035 0.019791666666666666
2 0.42268518518518516 0.4276041666666667 0.041666666666666664 0.011458333333333333
2 0.4351851851851852 0.6359375 0.04259259259259259 0.009375
2 0.41759259259259257 0.7518229166666667 0.040740740740740744 0.0109375
2 0.44583333333333336 0.44791666666666663 0.04351851851851852 0.009375
2 0.5453703703703704 0.8130208333333333 0.05185185185185185 0.016666666666666666
2 0.6552129629629629 0.8783802083333333 0.06226851851851852 0.021343749999999998
1 0.4263888888888889 0.1138020833333333 0.04351851851851852 0.013020833333333334
2 0.45231481481481484 0.79765625 0.04537037037037037 0.011979166666666667
2 0.3638888888888889 0.3143229166666667 0.03888888888888889 0.009895833333333333
2 0.5694444444444444 0.50546875 0.05740740740740741 0.016145833333333335
3 0.5189814814814815 0.6649270833333334 0.05092592592592592 0.0109375
3 0.8333333333333334 0.1020833333333333 0.07592592592592592 0.016666666666666666
2 0.5236111111111111 0.7763020833333334 0.049074074074074076 0.016145833333333335
2 0.4300925925925926 0.7643229166666666 0.04351851851851852 0.011979166666666667
2 0.6175925925925926 0.4591145833333333 0.05925925925925926 0.019270833333333334
2 0.6143518518518518 0.17604166666666665 0.058333333333333334 0.014583333333333334
2 0.7305555555555555 0.5815104166666667 0.05555555555555555 0.0296875
0 0.7247962962962963 0.5728072916666667 0.01525 0.00825
3 0.2854259259259259 0.6763385416666667 0.027814814814814813 0.00696875
