2 0.21937962962962965 0.4293645833333334 0.03161111111111111 0.009770833333333334
2 0.2849722222222222 0.8021354166666667 0.03921296296296296 0.008302083333333333
1 0.2689814814814815 0.22057291666666667 0.03611111111111111 0.009895833333333333
2 0.24490740740740735 0.4119791666666667 0.03425925925925926 0.007291666666666667
2 0.31064814814814823 0.7385416666666667 0.03981481481481482 0.008333333333333333
2 0.3300925925925926 0.8369791666666666 0.04351851851851852 0.010416666666666666
2 0.3027777777777778 0.7731770833333333 0.03888888888888889 0.008854166666666666
3 0.3902777777777777 0.6244791666666667 0.04722222222222222 0.0125
2 0.3023148148148148 0.4013020833333333 0.03981481481481482 0.008854166666666666
2 0.2935185185185185 0.29921875 0.03888888888888889 0.011979166666666667
2 0.33657407407407414 0.8111979166666666 0.04537037037037037 0.0109375
2 0.38101851851851853 0.690625 0.049074074074074076 0.011458333333333333
2 0.47777777777777786 0.2416666666666667 0.05925925925925926 0.0125
2 0.28194444444444444 0.48203125 0.03611111111111111 0.013020833333333334
2 0.4717592592592592 0.8544270833333334 0.05462962962962963 0.0109375
2 0.28055555555555556 0.5098958333333333 0.03518518518518519 0.014583333333333334
2 0.3745370370370371 0.7174479166666667 0.04722222222222222 0.016145833333333335
2 0.47777777777777786 0.4395833333333333 0.05925925925925926 0.014583333333333334
2 0.575462962962963 0.7713541666666667 0.06388888888888888 0.014583333333333334
2 0.4092592592592592 0.7908854166666667 0.053703703703703705 0.015104166666666667
2 0.7134259259259259 0.7932291666666667 0.07314814814814814 0.03125
3 0.24727777777777782 0.8079895833333333 0.03292592592592593 0.007348958333333333
2 0.2694074074074073 0.7973854166666667 0.03322222222222222 0.0070572916666666674
0 0.2768703703703703 0.24578645833333335 0.009462962962962963 0.004885416666666667
