2 0.30787037037037035 0.35130208333333335 0.026851851851851852 0.0078125
1 0.4247314814814815 0.8545416666666666 0.04019444444444444 0.014880208333333334
2 0.3662037037037037 0.63125 0.03611111111111111 0.008333333333333333
2 0.44166666666666665 0.29322916666666665 0.040740740740740744 0.008333333333333333
2 0.375 0.25312500000000004 0.037037037037037035 0.007291666666666667
2 0.4305555555555556 0.2611979166666667 0.040740740740740744 0.009895833333333333
2 0.6032407407407407 0.8888020833333333 0.05277777777777778 0.022395833333333334
2 0.7398148148148148 0.6700520833333333 0.06481481481481481 0.013020833333333334
2 0.36944444444444446 0.57421875 0.03518518518518519 0.008854166666666666
3 0.4726851851851852 0.3872395833333333 0.04722222222222222 0.009895833333333333
2 0.4837962962962963 0.709375 0.049074074074074076 0.0125
2 0.6166666666666667 0.81328125 0.04814814814814815 0.018229166666666668
2 0.48518518518518516 0.7578125 0.046296296296296294 0.009375
2 0.40879629629629627 0.5026041666666667 0.03981481481481482 0.008333333333333333
2 0.4375 0.34348958333333335 0.03981481481481482 0.0140625
2 0.5180555555555556 0.6033854166666667 0.04537037037037037 0.021354166666666667
2 0.46435185185185185 0.24817708333333333 0.04722222222222222 0.0140625
2 0.6412037037037037 0.33906250000000004 0.06388888888888888 0.013541666666666667
2 0.6486111111111111 0.2723958333333333 0.06574074074074074 0.016666666666666666
2 0.5800925925925926 0.390625 0.058333333333333334 0.014583333333333334
2 0.5185185185185185 0.5822916666666667 0.04814814814814815 0.015625
2 0.7143518518518519 0.6463541666666667 0.06574074074074074 0.019791666666666666
3 0.8583333333333333 0.20130208333333333 0.07777777777777778 0.024479166666666666
3 0.274037037037037 0.5600260416666667 0.0254537037037037 0.008109375
0 0.6190185185185185 0.9036927083333334 0.010342592592592592 0.0054062500000000005
