2 0.40694444444444444 0.4390625 0.026851851851851852 0.009375
3 0.36712962962962964 0.67578125 0.026851851851851852 0.0078125
2 0.4148148148148148 0.4658854166666667 0.037037037037037035 0.009895833333333333
2 0.41064814814814815 0.41822916666666665 0.03796296296296296 0.007291666666666667
2 0.3990740740740741 0.50234375 0.037037037037037035 0.008854166666666666
2 0.44027777777777777 0.44062500000000004 0.049074074074074076 0.009375
2 0.3972222222222222 0.56953125 0.037037037037037035 0.008854166666666666
2 0.43148148148148147 0.296875 0.044444444444444446 0.008333333333333333
1 0.45694444444444443 0.9916666666666667 0.05277777777777778 0.008333333333333333
2 0.4166666666666667 0.6958333333333333 0.044444444444444446 0.008333333333333333
2 0.45601851851851855 0.5927083333333334 0.04722222222222222 0.013541666666666667
2 0.787962962962963 0.32499999999999996 0.09259259259259259 0.021875
2 0.575925925925926 0.4859375 0.06666666666666667 0.013541666666666667
2 0.4486111111111111 0.5205729166666666 0.049074074074074076 0.008854166666666666
2 0.6324074074074074 0.08697916666666672 0.07037037037037037 0.015625
2 0.4930555555555556 0.3838541666666667 0.05462962962962963 0.016666666666666666
2 0.43425925925925923 0.3182291666666667 0.046296296296296294 0.013541666666666667
3 0.45185185185185184 0.4080729166666667 0.05 0.009895833333333333
2 0.5064814814814815 0.17994791666666665 0.05740740740740741 0.0171875
2 0.5277777777777778 0.46875 0.05740740740740741 0.011458333333333333
2 0.48055555555555557 0.7825520833333334 0.05740740740740741 0.0109375
2 0.5518518518518518 0.15052083333333333 0.06666666666666667 0.013541666666666667
2 0.6574074074074074 0.8908854166666667 0.08703703703703704 0.024479166666666666
0 0.4095925925925926 0.4430729166666667 0.007342592592592592 0.0037916666666666667
