2 0.35324074074074074 0.40078125 0.032407407407407406 0.009895833333333333
1 0.40925925925925927 0.033072916666666674 0.05 0.016145833333333335
2 0.3472222222222222 0.6296875 0.03148148148148148 0.009375
2 0.3388888888888889 0.58046875 0.03333333333333333 0.0067708333333333336
3 0.3449074074074074 0.8268229166666666 0.03425925925925926 0.0067708333333333336
2 0.38796296296296295 0.6002604166666667 0.046296296296296294 0.008854166666666666
2 0.37916666666666665 0.4515625 0.041666666666666664 0.008333333333333333
2 0.40046296296296297 0.4927083333333333 0.041666666666666664 0.009375
2 0.5111111111111111 0.05052083333333335 0.05925925925925926 0.014583333333333334
2 0.4115740740740741 0.3973958333333333 0.04722222222222222 0.010416666666666666
2 0.4791666666666667 0.5067708333333334 0.05648148148148148 0.010416666666666666
2 0.4060185185185185 0.234375 0.04537037037037037 0.010416666666666666
2 0.41388888888888886 0.2528645833333333 0.040740740740740744 0.011979166666666667
2 0.4675925925925926 0.52421875 0.05185185185185185 0.009895833333333333
2 0.44675925925925924 0.8369791666666666 0.05648148148148148 0.011458333333333333
2 0.4009259259259259 0.7395833333333333 0.046296296296296294 0.010416666666666666
2 0.4449074074074074 0.8536458333333333 0.05092592592592592 0.011458333333333333
3 0.42962962962962964 0.4828125 0.04814814814814815 0.0125
2 0.5175925925925926 0.3559895833333333 0.06111111111111111 0.021354166666666667
2 0.5194444444444445 0.81328125 0.06111111111111111 0.013020833333333334
2 0.5458333333333333 0.6296875 0.06388888888888888 0.015625
2 0.6412037037037037 0.65625 0.06759259259259259 0.022916666666666665
2 0.8013888888888889 0.19609374999999996 0.10462962962962963 0.025520833333333333
0 0.48707407407407405 0.14788020833333337 0.013296296296296296 0.006333333333333333
