3 0.7802083333333334 0.6381574074074075 0.008333333333333333 0.035583333333333335
1 0.08776041666666667 0.5583333333333333 0.0140625 0.04259259259259259
2 0.4385416666666667 0.5731481481481482 0.011458333333333333 0.03888888888888889
2 0.74453125 0.5824074074074075 0.008854166666666666 0.040740740740740744
2 0.3067708333333333 0.5333333333333333 0.011458333333333333 0.046296296296296294
2 0.7802083333333334 0.36342592592592593 0.019791666666666666 0.06388888888888888
2 0.08802083333333333 0.4120370370370371 0.026041666666666668 0.06666666666666667
2 0.6453125 0.5967592592592592 0.009375 0.03796296296296296
2 0.4526041666666667 0.5458333333333334 0.013541666666666667 0.04537037037037037
2 0.5408854166666667 0.43333333333333335 0.0171875 0.05925925925925926
2 0.76875 0.4981481481481481 0.01875 0.05185185185185185
3 0.5080729166666667 0.5199074074074075 0.016145833333333335 0.049074074074074076
2 0.3338541666666667 0.513425925925926 0.011458333333333333 0.05462962962962963
2 0.16510416666666672 0.3648148148148148 0.015625 0.06481481481481481
2 0.19348958333333333 0.33518518518518514 0.0171875 0.07407407407407407
2 0.4130208333333333 0.4356481481481481 0.017708333333333333 0.06018518518518518
2 0.6723958333333333 0.5032407407407408 0.015625 0.04722222222222222
2 0.7643229166666666 0.3550925925925926 0.021354166666666667 0.06388888888888888
2 0.11354166666666665 0.4472222222222222 0.015625 0.05925925925925926
2 0.4770833333333333 0.3125 0.01875 0.0787037037037037
2 0.6557291666666667 0.3569444444444444 0.01875 0.07314814814814814
2 0.6971354166666667 0.4365740740740741 0.0203125 0.06018518518518518
0 0.8973854166666666 0.4081666666666667 0.013546875000000002 0.022583333333333334
2 0.4107135416666666 0.4573518518518519 0.016796875 0.062453703703703706
