2 0.6 0.4479166666666667 0.03518518518518519 0.009375
2 0.6170925925925925 0.496734375 0.03684259259259259 0.013239583333333334
3 0.6425092592592593 0.3325052083333333 0.03333333333333333 0.009895833333333333
2 0.5861111111111111 0.38046875 0.03518518518518519 0.0109375
2 0.587037037037037 0.37109375 0.037037037037037035 0.0140625
2 0.6268518518518518 0.41119791666666666 0.03333333333333333 0.0109375
2 0.6 0.5708333333333333 0.03888888888888889 0.009375
2 0.5967592592592592 0.590625 0.03981481481481482 0.010416666666666666
2 0.5643518518518518 0.675 0.04722222222222222 0.011458333333333333
2 0.5796296296296296 0.4549479166666667 0.040740740740740744 0.008854166666666666
2 0.5689814814814815 0.6932291666666667 0.04351851851851852 0.0125
2 0.5791666666666666 0.471875 0.04351851851851852 0.011458333333333333
3 0.5587962962962962 0.5643229166666667 0.049074074074074076 0.015104166666666667
2 0.4625 0.8002604166666667 0.062037037037037036 0.016145833333333335
2 0.5268518518518519 0.55390625 0.05185185185185185 0.016145833333333335
2 0.38796296296296295 0.8864583333333333 0.07037037037037037 0.014583333333333334
2 0.46898148148148144 0.4388020833333333 0.06018518518518518 0.0109375
2 0.5222222222222221 0.5033854166666667 0.05555555555555555 0.0109375
2 0.5314814814814814 0.21901041666666668 0.05555555555555555 0.016145833333333335
2 0.5115740740740741 0.7234375 0.06018518518518518 0.011458333333333333
2 0.24907407407407411 0.6875 0.08703703703703704 0.025
2 0.3930555555555556 0.16666666666666666 0.07685185185185185 0.01875
0 0.5815092592592592 0.3663489583333333 0.010194444444444443 0.0046875
