2 0.24571874999999999 0.6883148148148148 0.010640624999999999 0.05439814814814815
3 0.5934895833333333 0.737037037037037 0.008854166666666666 0.044444444444444446
2 0.584375 0.6898148148148149 0.009375 0.05
2 0.3018229166666667 0.6856481481481482 0.011979166666666667 0.05277777777777778
2 0.48203125 0.6990740740740741 0.0140625 0.04814814814814815
2 0.13098958333333333 0.5550925925925926 0.0171875 0.0787037037037037
2 0.8091145833333333 0.6592592592592592 0.011979166666666667 0.05555555555555555
2 0.6106770833333333 0.6805555555555556 0.013020833333333334 0.05925925925925926
2 0.42734375 0.6856481481481482 0.024479166666666666 0.04722222222222222
2 0.19036458333333328 0.638425925925926 0.0140625 0.062037037037037036
2 0.4760416666666667 0.6587962962962963 0.011458333333333333 0.06018518518518518
2 0.7591145833333334 0.5694444444444444 0.016145833333333335 0.07777777777777778
2 0.5018229166666667 0.6689814814814814 0.018229166666666668 0.04722222222222222
2 0.2309895833333333 0.6361111111111111 0.013020833333333334 0.06666666666666667
2 0.7020833333333334 0.6421296296296296 0.0125 0.06759259259259259
3 0.51484375 0.6097222222222223 0.011979166666666667 0.06759259259259259
2 0.49479166666666663 0.6166666666666667 0.014583333333333334 0.06481481481481481
2 0.36197916666666663 0.6208333333333333 0.014583333333333334 0.06574074074074074
2 0.28098958333333335 0.41527777777777775 0.018229166666666668 0.09722222222222222
2 0.55234375 0.3291666666666667 0.0203125 0.10648148148148148
2 0.6705729166666667 0.5828703703703704 0.013020833333333334 0.07314814814814814
2 0.2533854166666667 0.5092592592592593 0.0203125 0.09074074074074075
0 0.4428333333333333 0.8176666666666667 0.004479166666666667 0.00963888888888889
