2 0.5546296296296296 0.05442708333333335 0.053703703703703705 0.013020833333333334
2 0.5138888888888888 0.10338541666666667 0.04814814814814815 0.015104166666666667
2 0.5083333333333333 0.3627135416666667 0.044444444444444446 0.013114583333333334
2 0.4666666666666667 0.6497395833333333 0.03888888888888889 0.011979166666666667
2 0.41203703703703703 0.5052083333333333 0.03148148148148148 0.007291666666666667
2 0.4444444444444444 0.3427083333333333 0.03888888888888889 0.011458333333333333
2 0.5625 0.6421875 0.05462962962962963 0.013541666666666667
2 0.4398148148148148 0.4677083333333333 0.037037037037037035 0.011458333333333333
2 0.47129629629629627 0.38203125000000004 0.03888888888888889 0.008854166666666666
2 0.425462962962963 0.8260416666666667 0.03611111111111111 0.008333333333333333
3 0.48333333333333334 0.4979166666666667 0.044444444444444446 0.010416666666666666
2 0.5768518518518518 0.63359375 0.05 0.016145833333333335
2 0.5398148148148149 0.8200520833333333 0.05 0.009895833333333333
2 0.40046296296296297 0.7169270833333333 0.030555555555555555 0.005729166666666666
2 0.5365740740740741 0.39713541666666663 0.05092592592592592 0.015104166666666667
2 0.5060185185185185 0.84921875 0.05092592592592592 0.011979166666666667
2 0.6101851851851852 0.21328124999999998 0.06296296296296296 0.015104166666666667
2 0.6796296296296296 0.6494791666666666 0.07407407407407407 0.017708333333333333
2 0.5796296296296296 0.85 0.06111111111111111 0.021875
2 0.6185185185185185 0.2557291666666667 0.05925925925925926 0.014583333333333334
2 0.649074074074074 0.4588541666666667 0.06666666666666667 0.016666666666666666
3 0.3855277777777778 0.8661197916666666 0.034574074074074077 0.009364583333333334
1 0.4715648148148148 0.12262499999999998 0.04239814814814815 0.0153125
0 0.4331851851851852 0.5425677083333333 0.013175925925925926 0.007005208333333333
