0 0.3393518518518519 0.8747395833333333 0.013888888888888888 0.0067708333333333336
1 0.5703703703703704 0.8934895833333333 0.044444444444444446 0.0109375
3 0.6337962962962963 0.13151041666666666 0.030555555555555555 0.0067708333333333336
2 0.6300925925925926 0.31536458333333334 0.030555555555555555 0.005729166666666666
2 0.6194444444444445 0.24375 0.03518518518518519 0.013541666666666667
2 0.5722222222222222 0.6911458333333333 0.044444444444444446 0.009375
2 0.6217592592592592 0.5197916666666667 0.032407407407407406 0.007291666666666667
2 0.5893518518518519 0.49947916666666664 0.041666666666666664 0.008333333333333333
2 0.5273148148148148 0.5768229166666666 0.04537037037037037 0.0109375
2 0.42407407407407405 0.7838541666666666 0.06851851851851852 0.011458333333333333
2 0.5157407407407407 0.1359375 0.05185185185185185 0.015625
2 0.5699074074074074 0.34765625 0.04537037037037037 0.009895833333333333
2 0.5435185185185185 0.6299479166666667 0.04814814814814815 0.009895833333333333
2 0.5518518518518518 0.3880208333333333 0.046296296296296294 0.010416666666666666
2 0.5481481481481482 0.1609375 0.046296296296296294 0.009375
2 0.4368888888888889 0.9010625 0.0651111111111111 0.023916666666666666
2 0.4662037037037037 0.4395833333333333 0.058333333333333334 0.013541666666666667
3 0.5148148148148148 0.43854166666666666 0.053703703703703705 0.011458333333333333
2 0.30879629629629635 0.6614583333333334 0.0712962962962963 0.0125
2 0.34444444444444444 0.46015625 0.07037037037037037 0.013020833333333334
2 0.4731481481481481 0.36223958333333334 0.05740740740740741 0.0140625
2 0.47870370370370374 0.09791666666666667 0.06111111111111111 0.0125
2 0.36018518518518516 0.2484375 0.07777777777777778 0.017708333333333333
2 0.274074074074074 0.8645833333333334 0.08518518518518518 0.019791666666666666
