2 0.3768229166666667 0.6296296296296297 0.009895833333333333 0.03333333333333333
2 0.36848958333333337 0.625925925925926 0.0078125 0.03148148148148148
2 0.559375 0.6370370370370371 0.010416666666666666 0.027777777777777776
2 0.58125 0.6375 0.016666666666666666 0.030555555555555555
2 0.495375 0.6080185185185185 0.012375 0.037675925925925925
2 0.6640625 0.6194444444444445 0.0125 0.03333333333333333
2 0.4475885416666666 0.5517129629629629 0.013156250000000001 0.05157407407407408
2 0.5346354166666667 0.612037037037037 0.0109375 0.040740740740740744
2 0.51015625 0.5949074074074074 0.0109375 0.041666666666666664
2 0.16223958333333333 0.39583333333333337 0.019270833333333334 0.06759259259259259
1 0.9203125 0.5990740740740741 0.008333333333333333 0.04259259259259259
2 0.23203125000000002 0.5226851851851853 0.013020833333333334 0.05277777777777778
2 0.2674479166666667 0.5787037037037037 0.008854166666666666 0.044444444444444446
2 0.709375 0.5740740740740741 0.011458333333333333 0.046296296296296294
2 0.2940104166666667 0.575462962962963 0.013020833333333334 0.04537037037037037
2 0.2104166666666667 0.4703703703703703 0.015625 0.06296296296296296
2 0.61796875 0.513425925925926 0.0140625 0.05462962962962963
2 0.771875 0.4648148148148148 0.016666666666666666 0.06666666666666667
2 0.30625 0.2592592592592593 0.023958333333333335 0.08703703703703704
0 0.6435520833333334 0.6196759259259259 0.004864583333333334 0.008805555555555556
3 0.6074479166666666 0.653287037037037 0.007489583333333333 0.034999999999999996
3 0.4455625 0.5703333333333334 0.015890625000000002 0.041546296296296296
