2 0.4 0.5520833333333333 0.03518518518518519 0.009375
2 0.3829074074074075 0.503265625 0.03684259259259259 0.013239583333333334
3 0.3574907407407407 0.6674947916666667 0.03333333333333333 0.009895833333333333
2 0.41388888888888886 0.61953125 0.03518518518518519 0.0109375
2 0.412962962962963 0.62890625 0.037037037037037035 0.0140625
2 0.37314814814814823 0.5888020833333334 0.03333333333333333 0.0109375
2 0.4 0.4291666666666667 0.03888888888888889 0.009375
2 0.4032407407407408 0.40937500000000004 0.03981481481481482 0.010416666666666666
2 0.43564814814814823 0.32499999999999996 0.04722222222222222 0.011458333333333333
2 0.4203703703703704 0.5450520833333333 0.040740740740740744 0.008854166666666666
2 0.43101851851851847 0.3067708333333333 0.04351851851851852 0.0125
2 0.4208333333333334 0.528125 0.04351851851851852 0.011458333333333333
3 0.44120370370370376 0.4356770833333333 0.049074074074074076 0.015104166666666667
2 0.5375 0.1997395833333333 0.062037037037037036 0.016145833333333335
2 0.4731481481481481 0.44609374999999996 0.05185185185185185 0.016145833333333335
2 0.612037037037037 0.11354166666666665 0.07037037037037037 0.014583333333333334
2 0.5310185185185186 0.5611979166666667 0.06018518518518518 0.0109375
2 0.47777777777777786 0.4966145833333333 0.05555555555555555 0.0109375
2 0.46851851851851856 0.7809895833333333 0.05555555555555555 0.016145833333333335
2 0.48842592592592593 0.27656250000000004 0.06018518518518518 0.011458333333333333
2 0.7509259259259259 0.3125 0.08703703703703704 0.025
2 0.6069444444444444 0.8333333333333334 0.07685185185185185 0.01875
0 0.4184907407407408 0.6336510416666667 0.010194444444444443 0.0046875
