0 0.5787037037037037 0.25468749999999996 0.014814814814814815 0.009375
3 0.19166666666666668 0.7190104166666667 0.04259259259259259 0.0078125
2 0.21898148148148147 0.6783854166666667 0.05277777777777778 0.009895833333333333
2 0.2833333333333333 0.3934895833333333 0.05555555555555555 0.0109375
2 0.28202777777777777 0.6541666666666667 0.06018518518518518 0.026567708333333332
2 0.27870370370370373 0.3348958333333333 0.05740740740740741 0.013541666666666667
2 0.2388888888888889 0.75078125 0.05185185185185185 0.0109375
2 0.31851851851851853 0.8205729166666667 0.06666666666666667 0.018229166666666668
2 0.5064814814814815 0.06901041666666663 0.0962962962962963 0.019270833333333334
2 0.4736111111111111 0.3549479166666667 0.08611111111111111 0.0140625
2 0.5851851851851851 0.41796875 0.08703703703703704 0.0203125
2 0.40925925925925927 0.6578125 0.07962962962962963 0.019791666666666666
2 0.3638888888888889 0.66328125 0.07222222222222222 0.018229166666666668
2 0.37777777777777777 0.15781250000000002 0.07037037037037037 0.017708333333333333
2 0.49027777777777776 0.4286458333333333 0.08981481481481482 0.020833333333333332
2 0.3731481481481482 0.8440104166666667 0.07222222222222222 0.0171875
2 0.33935185185185185 0.5140625 0.06759259259259259 0.016666666666666666
3 0.42685185185185187 0.5966145833333334 0.07962962962962963 0.021354166666666667
2 0.3875 0.3598958333333333 0.0712962962962963 0.023958333333333335
2 0.4148148148148148 0.7002604166666666 0.08148148148148149 0.016145833333333335
2 0.4060185185185185 0.9028645833333333 0.0824074074074074 0.021354166666666667
2 0.5828703703703704 0.35572916666666665 0.09166666666666666 0.03854166666666667
2 0.4601851851851852 0.8013020833333333 0.08888888888888889 0.0359375
