0 0.4212962962962963 0.7453125 0.014814814814814815 0.009375
3 0.8083333333333333 0.28098958333333335 0.04259259259259259 0.0078125
2 0.7810185185185186 0.3216145833333333 0.05277777777777778 0.009895833333333333
2 0.7166666666666667 0.6065104166666667 0.05555555555555555 0.0109375
2 0.7179722222222222 0.3458333333333333 0.06018518518518518 0.026567708333333332
2 0.7212962962962963 0.6651041666666667 0.05740740740740741 0.013541666666666667
2 0.7611111111111111 0.24921875 0.05185185185185185 0.0109375
2 0.6814814814814815 0.17942708333333332 0.06666666666666667 0.018229166666666668
2 0.49351851851851847 0.9309895833333334 0.0962962962962963 0.019270833333333334
2 0.5263888888888889 0.6450520833333333 0.08611111111111111 0.0140625
2 0.41481481481481486 0.58203125 0.08703703703703704 0.0203125
2 0.5907407407407408 0.3421875 0.07962962962962963 0.019791666666666666
2 0.6361111111111111 0.33671875 0.07222222222222222 0.018229166666666668
2 0.6222222222222222 0.8421875 0.07037037037037037 0.017708333333333333
2 0.5097222222222222 0.5713541666666667 0.08981481481481482 0.020833333333333332
2 0.6268518518518518 0.15598958333333332 0.07222222222222222 0.0171875
2 0.6606481481481481 0.4859375 0.06759259259259259 0.016666666666666666
3 0.5731481481481482 0.40338541666666666 0.07962962962962963 0.021354166666666667
2 0.6125 0.6401041666666667 0.0712962962962963 0.023958333333333335
2 0.5851851851851853 0.29973958333333334 0.08148148148148149 0.016145833333333335
2 0.5939814814814814 0.09713541666666667 0.0824074074074074 0.021354166666666667
2 0.41712962962962963 0.6442708333333333 0.09166666666666666 0.03854166666666667
2 0.5398148148148147 0.19869791666666667 0.08888888888888889 0.0359375
