0 0.25468749999999996 0.4212962962962963 0.009375 0.014814814814814815
3 0.7190104166666667 0.8083333333333333 0.0078125 0.04259259259259259
2 0.6783854166666667 0.7810185185185186 0.009895833333333333 0.05277777777777778
2 0.3934895833333333 0.7166666666666667 0.0109375 0.05555555555555555
2 0.6541666666666667 0.7179722222222222 0.026567708333333332 0.06018518518518518
2 0.3348958333333333 0.7212962962962963 0.013541666666666667 0.05740740740740741
2 0.75078125 0.7611111111111111 0.0109375 0.05185185185185185
2 0.8205729166666667 0.6814814814814815 0.018229166666666668 0.06666666666666667
2 0.06901041666666663 0.49351851851851847 0.019270833333333334 0.0962962962962963
2 0.3549479166666667 0.5263888888888889 0.0140625 0.08611111111111111
2 0.41796875 0.41481481481481486 0.0203125 0.08703703703703704
2 0.6578125 0.5907407407407408 0.019791666666666666 0.07962962962962963
2 0.66328125 0.6361111111111111 0.018229166666666668 0.07222222222222222
2 0.15781250000000002 0.6222222222222222 0.017708333333333333 0.07037037037037037
2 0.4286458333333333 0.5097222222222222 0.020833333333333332 0.08981481481481482
2 0.8440104166666667 0.6268518518518518 0.0171875 0.07222222222222222
2 0.5140625 0.6606481481481481 0.016666666666666666 0.06759259259259259
3 0.5966145833333334 0.5731481481481482 0.021354166666666667 0.07962962962962963
2 0.3598958333333333 0.6125 0.023958333333333335 0.0712962962962963
2 0.7002604166666666 0.5851851851851853 0.016145833333333335 0.08148148148148149
2 0.9028645833333333 0.5939814814814814 0.021354166666666667 0.0824074074074074
2 0.35572916666666665 0.41712962962962963 0.03854166666666667 0.09166666666666666
2 0.8013020833333333 0.5398148148148147 0.0359375 0.08888888888888889
