2 0.18888888888888888 0.44791666666666663 0.03148148148148148 0.009375
2 0.18981481481481483 0.40078125 0.040740740740740744 0.008854166666666666
2 0.22657407407407407 0.75271875 0.045009259259259256 0.010187499999999999
2 0.3611111111111111 0.16874999999999996 0.05185185185185185 0.026041666666666668
2 0.20462962962962963 0.38255208333333335 0.04259259259259259 0.0140625
2 0.1986111111111111 0.51640625 0.041666666666666664 0.0078125
2 0.19722222222222222 0.5528645833333333 0.04814814814814815 0.008854166666666666
2 0.23703703703703705 0.6067708333333333 0.04259259259259259 0.008333333333333333
2 0.24259259259259258 0.4888020833333333 0.03518518518518519 0.015104166666666667
2 0.26851851851851855 0.73125 0.04814814814814815 0.0125
2 0.2412037037037037 0.4604166666666667 0.04537037037037037 0.01875
2 0.22870370370370371 0.5385416666666667 0.04259259259259259 0.011458333333333333
2 0.31574074074074077 0.20703125 0.05740740740740741 0.013020833333333334
2 0.31666666666666665 0.42656249999999996 0.05185185185185185 0.011458333333333333
2 0.40879629629629627 0.3622395833333333 0.06388888888888888 0.0171875
2 0.37916666666666665 0.15885416666666663 0.06018518518518518 0.022916666666666665
2 0.32685185185185184 0.64453125 0.05740740740740741 0.016145833333333335
2 0.4388888888888889 0.8065104166666667 0.06666666666666667 0.0203125
3 0.2902777777777778 0.3927083333333333 0.05277777777777778 0.011458333333333333
2 0.324537037037037 0.31171875000000004 0.05462962962962963 0.0140625
2 0.6902777777777778 0.28098958333333335 0.09351851851851851 0.033854166666666664
0 0.24581481481481482 0.5391927083333333 0.007425925925925925 0.004020833333333333
3 0.19122222222222224 0.7528020833333333 0.04372222222222222 0.009703125
