2 0.6319444444444444 0.47161458333333334 0.03796296296296296 0.009895833333333333
2 0.7273148148148147 0.4635416666666667 0.030555555555555555 0.00625
1 0.6365740740740741 0.032552083333333336 0.04351851851851852 0.015104166666666667
2 0.7125 0.3528645833333333 0.03425925925925926 0.008854166666666666
2 0.637962962962963 0.3111979166666667 0.04259259259259259 0.008854166666666666
2 0.5328703703703703 0.27291666666666664 0.04537037037037037 0.011458333333333333
2 0.3695555555555555 0.40338541666666666 0.052083333333333336 0.022395833333333334
2 0.674074074074074 0.5348958333333333 0.040740740740740744 0.008333333333333333
2 0.6375 0.6520833333333333 0.04537037037037037 0.009375
2 0.5092592592592593 0.7778645833333333 0.05555555555555555 0.013020833333333334
2 0.32832407407407416 0.7140625 0.06742592592592592 0.017708333333333333
2 0.4852592592592593 0.679265625 0.0515462962962963 0.014385416666666668
2 0.7263888888888889 0.38828125 0.03425925925925926 0.0078125
2 0.638425925925926 0.30234375 0.04351851851851852 0.0109375
2 0.4898148148148148 0.6036458333333333 0.05 0.014583333333333334
3 0.5935185185185186 0.42864583333333334 0.044444444444444446 0.009375
2 0.5050925925925926 0.3059895833333333 0.04722222222222222 0.0109375
2 0.6986111111111111 0.7411458333333333 0.03796296296296296 0.008333333333333333
2 0.2944444444444444 0.7872395833333333 0.06851851851851852 0.0171875
2 0.5291666666666667 0.8575520833333333 0.05277777777777778 0.018229166666666668
0 0.271787037037037 0.7802239583333334 0.01423148148148148 0.0067552083333333336
2 0.7700462962962963 0.5544583333333333 0.034379629629629635 0.00859375
3 0.7853148148148148 0.3609791666666667 0.03239814814814815 0.008052083333333333
2 0.38275000000000003 0.3883854166666667 0.057824074074074076 0.016114583333333335
