2 0.3152592592592593 0.335359375 0.050888888888888886 0.01758854166666667
3 0.2273148148148148 0.934375 0.03981481481481482 0.011458333333333333
2 0.25643518518518515 0.46848958333333335 0.0470462962962963 0.014828125
0 0.30648148148148147 0.4208333333333333 0.011111111111111112 0.007291666666666667
2 0.2212962962962963 0.5596354166666666 0.03333333333333333 0.0109375
2 0.2841111111111111 0.5042239583333333 0.047851851851851854 0.01678125
2 0.3105833333333333 0.6306041666666666 0.050805555555555555 0.015380208333333334
2 0.3972222222222222 0.47786458333333337 0.05 0.016145833333333335
2 0.24722222222222223 0.7403645833333333 0.044444444444444446 0.008854166666666666
1 0.2884259259259259 0.12265625000000002 0.05092592592592592 0.011979166666666667
2 0.2439814814814815 0.77890625 0.041666666666666664 0.008854166666666666
3 0.31296296296296294 0.5182291666666667 0.04814814814814815 0.011458333333333333
2 0.29907407407407405 0.7744791666666666 0.04814814814814815 0.009375
2 0.23055555555555557 0.53671875 0.03888888888888889 0.016145833333333335
2 0.30462962962962964 0.459375 0.04814814814814815 0.014583333333333334
2 0.32646296296296295 0.8526354166666666 0.04921296296296296 0.0156875
2 0.28888888888888886 0.9395833333333333 0.04814814814814815 0.011458333333333333
2 0.3449074074074074 0.5776041666666667 0.049074074074074076 0.017708333333333333
2 0.3388888888888889 0.32499999999999996 0.05740740740740741 0.0125
2 0.36666666666666664 0.76796875 0.05740740740740741 0.013020833333333334
2 0.3537037037037037 0.275 0.05555555555555555 0.013541666666666667
2 0.3300925925925926 0.7013020833333333 0.04537037037037037 0.019270833333333334
2 0.48194444444444445 0.9166666666666666 0.06574074074074074 0.021875
2 0.65 0.19791666666666663 0.07407407407407407 0.030208333333333334
