2 0.31380208333333337 0.6143518518518518 0.008854166666666666 0.041666666666666664
2 0.31901041666666663 0.6791666666666667 0.0067708333333333336 0.04351851851851852
2 0.4057291666666667 0.6657407407407407 0.0125 0.044444444444444446
2 0.3598958333333333 0.6490740740740741 0.008333333333333333 0.040740740740740744
2 0.27473958333333337 0.662037037037037 0.008854166666666666 0.04259259259259259
3 0.9786458333333333 0.7309166666666667 0.010416666666666666 0.041666666666666664
2 0.72890625 0.7032407407407407 0.008854166666666666 0.041666666666666664
2 0.2885416666666667 0.65 0.011458333333333333 0.04814814814814815
2 0.25625 0.6083333333333334 0.010416666666666666 0.05
2 0.34765625 0.6365740740740741 0.009895833333333333 0.04722222222222222
2 0.47630208333333335 0.6814814814814815 0.011979166666666667 0.03888888888888889
2 0.6096354166666667 0.5532407407407407 0.009895833333333333 0.058333333333333334
3 0.4072916666666667 0.6249074074074075 0.010416666666666666 0.05185185185185185
2 0.7450520833333334 0.6782407407407407 0.0078125 0.04351851851851852
2 0.50234375 0.6444444444444444 0.009895833333333333 0.046296296296296294
2 0.3192708333333333 0.587037037037037 0.014583333333333334 0.053703703703703705
2 0.8208333333333333 0.6180555555555556 0.011458333333333333 0.049074074074074076
2 0.6197916666666667 0.5486111111111112 0.011458333333333333 0.06018518518518518
2 0.5419270833333334 0.6175925925925926 0.009895833333333333 0.05
1 0.26889062499999994 0.703851851851852 0.012072916666666666 0.04678703703703704
0 0.4368697916666666 0.7018888888888889 0.005572916666666666 0.01012037037037037
2 0.41709374999999993 0.6713888888888889 0.015723958333333333 0.04115740740740741
2 0.39289062499999994 0.7026203703703704 0.011677083333333334 0.03950925925925926
2 0.38373958333333336 0.6995833333333333 0.013463541666666667 0.035583333333333335
