2 0.41236458333333337 0.6046018518518519 0.011635416666666667 0.036361111111111115
2 0.6916666666666667 0.6509259259259259 0.011458333333333333 0.022222222222222223
2 0.5125 0.6648148148148147 0.008333333333333333 0.03148148148148148
2 0.6885416666666666 0.6125 0.007291666666666667 0.03425925925925926
2 0.5403645833333333 0.6671296296296296 0.009895833333333333 0.030555555555555555
2 0.41145833333333337 0.5791666666666666 0.010416666666666666 0.04351851851851852
1 0.3067708333333333 0.6509259259259259 0.007291666666666667 0.03333333333333333
2 0.8223958333333333 0.6282407407407408 0.00625 0.032407407407407406
2 0.48072916666666665 0.637962962962963 0.007291666666666667 0.03518518518518519
2 0.67578125 0.5805555555555555 0.008854166666666666 0.037037037037037035
2 0.46796875000000004 0.6060185185185185 0.0067708333333333336 0.03611111111111111
2 0.7138020833333334 0.6518518518518519 0.0067708333333333336 0.02962962962962963
2 0.596875 0.6365740740740741 0.008333333333333333 0.032407407407407406
3 0.158203125 0.3838703703703704 0.015369791666666667 0.06003703703703704
2 0.5411458333333333 0.5240740740740741 0.008333333333333333 0.046296296296296294
2 0.8078125 0.5912037037037037 0.009375 0.03796296296296296
2 0.27369791666666665 0.44212962962962965 0.015104166666666667 0.049074074074074076
2 0.5161458333333333 0.5361111111111111 0.008333333333333333 0.040740740740740744
2 0.8270833333333334 0.49398148148148147 0.011458333333333333 0.049074074074074076
2 0.3984375 0.5138888888888888 0.011458333333333333 0.044444444444444446
3 0.5508645833333333 0.5753240740740742 0.011979166666666667 0.041666666666666664
2 0.3739583333333333 0.5185185185185186 0.009375 0.04814814814814815
0 0.68015625 0.6849907407407407 0.0047552083333333335 0.009101851851851852
2 0.8279895833333333 0.5103055555555556 0.01078125 0.04849074074074074
3 0.8443958333333333 0.6837222222222222 0.008578124999999999 0.031453703703703706
