2 0.4286458333333333 0.6703703703703704 0.009375 0.02962962962962963
2 0.6759166666666667 0.622824074074074 0.011208333333333332 0.043240740740740746
2 0.82728125 0.5088055555555555 0.016020833333333335 0.050898148148148144
2 0.3369791666666667 0.6597222222222222 0.010416666666666666 0.03611111111111111
2 0.5138020833333333 0.599537037037037 0.019270833333333334 0.03611111111111111
1 0.975 0.6009259259259259 0.011458333333333333 0.04259259259259259
2 0.5874895833333333 0.6856111111111112 0.008307291666666666 0.036175925925925924
2 0.40390625 0.5777777777777777 0.009895833333333333 0.046296296296296294
2 0.7380208333333333 0.36157407407407405 0.011458333333333333 0.05462962962962963
2 0.538140625 0.5705092592592592 0.01065625 0.03917592592592593
2 0.5557291666666666 0.4625 0.011458333333333333 0.05277777777777778
2 0.7942708333333334 0.4986111111111111 0.009375 0.05092592592592592
2 0.6864583333333334 0.6125 0.0125 0.03611111111111111
2 0.2792447916666667 0.5798611111111112 0.008484374999999999 0.0430462962962963
3 0.5161458333333333 0.5541666666666667 0.010416666666666666 0.049074074074074076
2 0.31510416666666663 0.3555555555555555 0.01875 0.06666666666666667
2 0.67890625 0.38749999999999996 0.013020833333333334 0.05462962962962963
2 0.3197916666666667 0.5333333333333333 0.0125 0.046296296296296294
2 0.48984375 0.5032407407407408 0.0171875 0.05092592592592592
2 0.29374999999999996 0.4282407407407407 0.017708333333333333 0.06018518518518518
3 0.09843749999999996 0.20925925925925926 0.022916666666666665 0.07222222222222222
3 0.6835416666666667 0.7355833333333334 0.008421875 0.028370370370370372
0 0.5200833333333332 0.6102962962962963 0.0040416666666666665 0.007037037037037037
2 0.5414010416666667 0.5831574074074074 0.008880208333333334 0.035787037037037034
2 0.2807291666666667 0.5932870370370371 0.008734374999999999 0.041277777777777774
1 0.0030520833333332886 0.5973148148148149 0.006104166666666667 0.04178703703703704
