2 0.2569444444444444 0.5049479166666666 0.028703703703703703 0.005729166666666666
2 0.3736111111111111 0.7440104166666667 0.03981481481481482 0.0078125
2 0.2962962962962963 0.5893229166666667 0.03148148148148148 0.0067708333333333336
2 0.3731481481481482 0.73671875 0.03888888888888889 0.008854166666666666
2 0.3763888888888889 0.5611979166666667 0.03425925925925926 0.0078125
2 0.31712962962962965 0.7138020833333334 0.030555555555555555 0.0067708333333333336
2 0.4777777777777778 0.26979166666666665 0.046296296296296294 0.011458333333333333
1 0.39537037037037037 0.99453125 0.03888888888888889 0.009895833333333333
2 0.3527777777777778 0.53203125 0.037037037037037035 0.009895833333333333
2 0.44722222222222224 0.19140625 0.044444444444444446 0.009895833333333333
2 0.30972222222222223 0.6776041666666667 0.032407407407407406 0.007291666666666667
2 0.6083333333333333 0.7580729166666667 0.05555555555555555 0.0140625
2 0.37222222222222223 0.4078125 0.03888888888888889 0.008333333333333333
3 0.6682870370370371 0.03242708333333333 0.062037037037037036 0.020833333333333332
2 0.5125 0.42994791666666665 0.049074074074074076 0.0109375
3 0.42407407407407405 0.64453125 0.04259259259259259 0.0078125
2 0.5541666666666667 0.38645833333333335 0.05092592592592592 0.0125
2 0.5203703703703704 0.7294270833333334 0.05925925925925926 0.0109375
2 0.5444444444444444 0.7114583333333333 0.053703703703703705 0.011458333333333333
2 0.31296296296296294 0.30494791666666665 0.037037037037037035 0.0078125
2 0.4925925925925926 0.3174479166666667 0.053703703703703705 0.0109375
2 0.5680555555555555 0.4106770833333333 0.05648148148148148 0.011979166666666667
2 0.7087962962962963 0.83828125 0.06018518518518518 0.019270833333333334
3 0.2466574074074074 0.6941354166666667 0.030694444444444444 0.007229166666666667
1 0.37007407407407406 0.08034895833333333 0.039064814814814816 0.014041666666666668
0 0.4641851851851852 0.19446354166666657 0.010814814814814815 0.004916666666666666
