1 0.6870370370370371 0.8265625 0.027777777777777776 0.0125
2 0.7268518518518519 0.44375 0.02962962962962963 0.00625
2 0.6546296296296297 0.2830729166666667 0.03148148148148148 0.0067708333333333336
2 0.6643518518518519 0.6174479166666667 0.03796296296296296 0.009895833333333333
2 0.700462962962963 0.3065104166666667 0.028703703703703703 0.0067708333333333336
2 0.6287037037037038 0.28046875000000004 0.03888888888888889 0.008854166666666666
2 0.674537037037037 0.4458333333333333 0.03611111111111111 0.00625
1 0.6041666666666667 0.014583333333333282 0.041666666666666664 0.010416666666666666
2 0.7236111111111111 0.6963541666666667 0.030555555555555555 0.008333333333333333
2 0.6157407407407407 0.7901041666666667 0.03518518518518519 0.009375
2 0.5898148148148148 0.5700520833333333 0.03888888888888889 0.008854166666666666
2 0.6222222222222222 0.7588541666666667 0.04259259259259259 0.009375
2 0.4444444444444444 0.2567708333333334 0.05185185185185185 0.011458333333333333
2 0.6782407407407407 0.4653645833333333 0.03425925925925926 0.008854166666666666
2 0.3199074074074074 0.23593750000000002 0.058333333333333334 0.0125
3 0.6050925925925925 0.37031250000000004 0.041666666666666664 0.009375
2 0.38703703703703707 0.6174479166666667 0.06111111111111111 0.0203125
2 0.5921296296296297 0.6458333333333334 0.041666666666666664 0.013541666666666667
2 0.5625 0.25651041666666674 0.049074074074074076 0.0078125
2 0.5004629629629629 0.3192708333333334 0.05092592592592592 0.011458333333333333
2 0.4824074074074074 0.5486979166666667 0.05185185185185185 0.011979166666666667
2 0.6986111111111111 0.33281249999999996 0.030555555555555555 0.007291666666666667
3 0.7570092592592592 0.3121666666666667 0.026944444444444444 0.006255208333333333
0 0.6590925925925926 0.7873541666666667 0.006768518518518518 0.003786458333333333
