3 0.8549479166666667 0.6953703703703704 0.008854166666666666 0.03333333333333333
2 0.4234375 0.5981481481481481 0.010416666666666666 0.037037037037037035
1 0.2494791666666667 0.6523148148148148 0.0125 0.03611111111111111
2 0.43584895833333326 0.5954259259259259 0.012682291666666668 0.03528703703703703
2 0.3877604166666667 0.6365740740740741 0.009895833333333333 0.041666666666666664
2 0.40625 0.6393518518518518 0.009375 0.03611111111111111
3 0.3987291666666667 0.6041666666666667 0.008854166666666666 0.041666666666666664
2 0.35963541666666665 0.5921296296296297 0.009895833333333333 0.03981481481481482
2 0.8122395833333333 0.5763888888888888 0.008854166666666666 0.04722222222222222
2 0.484375 0.5898148148148148 0.010416666666666666 0.037037037037037035
2 0.27083333333333337 0.5560185185185185 0.010416666666666666 0.04351851851851852
2 0.6815104166666667 0.6351851851851852 0.0109375 0.037037037037037035
2 0.5427083333333333 0.5467592592592593 0.011458333333333333 0.04351851851851852
2 0.24791666666666667 0.5083333333333333 0.009375 0.046296296296296294
3 0.025520833333333326 0.3666666666666667 0.017708333333333333 0.06481481481481481
2 0.5934895833333333 0.6129629629629629 0.008854166666666666 0.040740740740740744
2 0.31819270833333335 0.5124444444444445 0.010317708333333333 0.04953703703703704
2 0.4380208333333333 0.5203703703703704 0.011458333333333333 0.046296296296296294
2 0.7864583333333334 0.5703703703703704 0.010416666666666666 0.046296296296296294
2 0.709375 0.4708333333333333 0.013541666666666667 0.05648148148148148
2 0.5091145833333333 0.47731481481481486 0.009895833333333333 0.05648148148148148
2 0.68046875 0.46018518518518514 0.0140625 0.05185185185185185
2 0.4243072916666667 0.6306203703703703 0.009973958333333333 0.04274074074074074
