1 0.31210185185185185 0.23045312500000004 0.02975925925925926 0.009864583333333335
1 0.4027777777777778 0.9934895833333334 0.040740740740740744 0.011979166666666667
2 0.3652407407407407 0.7176041666666666 0.038175925925925926 0.007500000000000001
2 0.3170555555555556 0.5710052083333333 0.03255555555555555 0.005901041666666666
2 0.29212962962962963 0.6888020833333333 0.028703703703703703 0.005729166666666666
2 0.39861111111111114 0.7265625 0.041666666666666664 0.008333333333333333
2 0.26944444444444443 0.5440104166666666 0.027777777777777776 0.0067708333333333336
2 0.3148148148148148 0.41276041666666663 0.03518518518518519 0.0067708333333333336
2 0.2935185185185185 0.6763020833333333 0.02962962962962963 0.005729166666666666
2 0.5111111111111111 0.74296875 0.04814814814814815 0.008854166666666666
2 0.26342592592592595 0.32057291666666665 0.028703703703703703 0.0078125
2 0.3773148148148148 0.4549479166666667 0.03796296296296296 0.008854166666666666
2 0.40046296296296297 0.18098958333333337 0.03981481481481482 0.0140625
2 0.36064814814814816 0.30390625000000004 0.03796296296296296 0.008854166666666666
2 0.3814814814814815 0.37812500000000004 0.03888888888888889 0.008333333333333333
2 0.4666666666666667 0.6705729166666667 0.04814814814814815 0.011979166666666667
3 0.375 0.61796875 0.03888888888888889 0.0078125
2 0.663425925925926 0.71640625 0.05648148148148148 0.015104166666666667
2 0.6101851851851852 0.37031250000000004 0.05925925925925926 0.01875
2 0.5078703703703704 0.47630208333333335 0.05092592592592592 0.011979166666666667
3 0.24501851851851852 0.6960885416666667 0.035527777777777776 0.0098125
2 0.3508703703703704 0.7156666666666667 0.03811111111111111 0.0068125
2 0.23614814814814813 0.45191666666666674 0.02988888888888889 0.0076302083333333335
2 0.30174999999999996 0.5688489583333334 0.03415740740740741 0.007588541666666667
0 0.3239074074074074 0.2374739583333334 0.00837037037037037 0.0037708333333333335
