2 0.6402777777777777 0.3580729166666667 0.03796296296296296 0.008854166666666666
2 0.7430555555555556 0.5270833333333333 0.028703703703703703 0.008333333333333333
2 0.7379629629629629 0.40572916666666664 0.025925925925925925 0.005208333333333333
2 0.7523148148148149 0.42161458333333335 0.026851851851851852 0.0067708333333333336
2 0.6605277777777778 0.3604427083333333 0.04190740740740741 0.009432291666666667
2 0.7228333333333334 0.49504166666666666 0.028287037037037038 0.007859375
2 0.7388888888888889 0.6934895833333333 0.02962962962962963 0.008854166666666666
2 0.7101851851851853 0.6200520833333333 0.03333333333333333 0.0067708333333333336
2 0.5476851851851852 0.5484375 0.04351851851851852 0.009375
2 0.6490740740740741 0.7096354166666666 0.040740740740740744 0.009895833333333333
2 0.6523148148148148 0.5450520833333333 0.03611111111111111 0.009895833333333333
1 0.6699074074074074 0.903125 0.03611111111111111 0.008333333333333333
2 0.575462962962963 0.9018229166666667 0.04351851851851852 0.011979166666666667
1 0.6365740740740741 0.08359375 0.03981481481481482 0.013020833333333334
2 0.5518518518518518 0.35104166666666664 0.044444444444444446 0.009375
2 0.6699074074074074 0.6309895833333333 0.03796296296296296 0.013020833333333334
3 0.6554907407407408 0.4658489583333333 0.03888888888888889 0.008854166666666666
2 0.5884259259259259 0.42864583333333334 0.04537037037037037 0.009375
2 0.37175925925925923 0.32578125 0.058333333333333334 0.019270833333333334
2 0.4097222222222222 0.7666666666666667 0.062037037037037036 0.014583333333333334
0 0.7270833333333333 0.682828125 0.007703703703703704 0.00428125
3 0.7722407407407408 0.38838020833333337 0.02760185185185185 0.0066927083333333335
2 0.7043333333333334 0.5003802083333333 0.03144444444444445 0.010723958333333334
2 0.6821203703703704 0.3585625 0.030611111111111113 0.008484374999999999
2 0.7705092592592593 0.6071093750000001 0.02476851851851852 0.005838541666666667
