1 0.6523148148148148 0.7182291666666667 0.03796296296296296 0.011458333333333333
2 0.5865740740740741 0.6390625 0.03611111111111111 0.013541666666666667
2 0.5106481481481482 0.6111979166666667 0.03611111111111111 0.009895833333333333
2 0.6805555555555556 0.4869791666666667 0.03148148148148148 0.007291666666666667
2 0.6 0.20338541666666668 0.03333333333333333 0.009895833333333333
2 0.6726851851851852 0.5052083333333334 0.026851851851851852 0.009375
2 0.5986111111111111 0.3138020833333333 0.03425925925925926 0.0078125
2 0.5893518518518519 0.5955729166666667 0.03611111111111111 0.009895833333333333
2 0.6509259259259259 0.21901041666666668 0.027777777777777776 0.0067708333333333336
2 0.6125 0.23046875 0.03425925925925926 0.008854166666666666
2 0.5462962962962963 0.6377604166666667 0.037037037037037035 0.015104166666666667
2 0.4936111111111111 0.15624479166666666 0.048324074074074075 0.008322916666666668
2 0.44907407407407407 0.7471354166666667 0.05185185185185185 0.008854166666666666
2 0.5675925925925926 0.30807291666666664 0.037037037037037035 0.008854166666666666
3 0.5856481481481481 0.51875 0.03611111111111111 0.008333333333333333
2 0.5166666666666666 0.48125 0.044444444444444446 0.011458333333333333
2 0.6361111111111111 0.421875 0.03148148148148148 0.010416666666666666
2 0.5800925925925926 0.14739583333333334 0.03981481481481482 0.011458333333333333
2 0.5310185185185186 0.5018229166666667 0.03981481481481482 0.015104166666666667
3 0.3969259259259259 0.86696875 0.058 0.017109375
0 0.6910648148148149 0.45252083333333337 0.012092592592592592 0.005932291666666667
2 0.6290648148148148 0.5676927083333333 0.037648148148148146 0.0115625
2 0.4912685185185186 0.6117864583333333 0.02398148148148148 0.020484375
3 0.6829259259259259 0.15111458333333333 0.032907407407407406 0.010723958333333334
2 0.5034166666666667 0.1610625 0.04662962962962963 0.009567708333333334
