2 0.5049479166666666 0.7430555555555556 0.005729166666666666 0.028703703703703703
2 0.7440104166666667 0.6263888888888889 0.0078125 0.03981481481481482
2 0.5893229166666667 0.7037037037037037 0.0067708333333333336 0.03148148148148148
2 0.73671875 0.6268518518518518 0.008854166666666666 0.03888888888888889
2 0.5611979166666667 0.6236111111111111 0.0078125 0.03425925925925926
2 0.7138020833333334 0.6828703703703703 0.0067708333333333336 0.030555555555555555
2 0.26979166666666665 0.5222222222222221 0.011458333333333333 0.046296296296296294
1 0.99453125 0.6046296296296296 0.009895833333333333 0.03888888888888889
2 0.53203125 0.6472222222222221 0.009895833333333333 0.037037037037037035
2 0.19140625 0.5527777777777778 0.009895833333333333 0.044444444444444446
2 0.6776041666666667 0.6902777777777778 0.007291666666666667 0.032407407407407406
2 0.7580729166666667 0.3916666666666667 0.0140625 0.05555555555555555
2 0.4078125 0.6277777777777778 0.008333333333333333 0.03888888888888889
3 0.03242708333333333 0.33171296296296293 0.020833333333333332 0.062037037037037036
2 0.42994791666666665 0.48750000000000004 0.0109375 0.049074074074074076
3 0.64453125 0.575925925925926 0.0078125 0.04259259259259259
2 0.38645833333333335 0.4458333333333333 0.0125 0.05092592592592592
2 0.7294270833333334 0.47962962962962963 0.0109375 0.05925925925925926
2 0.7114583333333333 0.4555555555555556 0.011458333333333333 0.053703703703703705
2 0.30494791666666665 0.6870370370370371 0.0078125 0.037037037037037035
2 0.3174479166666667 0.5074074074074074 0.0109375 0.053703703703703705
2 0.4106770833333333 0.43194444444444446 0.011979166666666667 0.05648148148148148
2 0.83828125 0.29120370370370374 0.019270833333333334 0.06018518518518518
3 0.6941354166666667 0.7533425925925926 0.007229166666666667 0.030694444444444444
1 0.08034895833333333 0.629925925925926 0.014041666666666668 0.039064814814814816
0 0.19446354166666657 0.5358148148148147 0.004916666666666666 0.010814814814814815
