3 0.7518854166666666 0.7916666666666666 0.0067708333333333336 0.037037037037037035
2 0.5700520833333333 0.7773148148148148 0.008854166666666666 0.030555555555555555
2 0.68984375 0.7731481481481481 0.011979166666666667 0.04814814814814815
2 0.390625 0.7787037037037037 0.008333333333333333 0.03518518518518519
2 0.25625 0.6449074074074075 0.015625 0.05648148148148148
2 0.5083333333333333 0.7361111111111112 0.008333333333333333 0.04259259259259259
2 0.6380208333333333 0.7361111111111112 0.008333333333333333 0.046296296296296294
2 0.3455729166666667 0.7277777777777779 0.008854166666666666 0.046296296296296294
2 0.39713541666666663 0.7319444444444445 0.009895833333333333 0.04351851851851852
2 0.5643229166666667 0.7106481481481481 0.011979166666666667 0.049074074074074076
3 0.37369791666666663 0.6856481481481482 0.009895833333333333 0.049074074074074076
2 0.42942708333333335 0.6662037037037036 0.0109375 0.05092592592592592
2 0.728125 0.7300925925925925 0.009375 0.04537037037037037
2 0.6674479166666667 0.6462962962962964 0.013020833333333334 0.05555555555555555
2 0.40755208333333337 0.5375 0.013020833333333334 0.062037037037037036
2 0.22239583333333335 0.6055555555555556 0.011458333333333333 0.06111111111111111
2 0.20494791666666667 0.5805555555555555 0.015104166666666667 0.06111111111111111
2 0.84296875 0.500925925925926 0.0140625 0.06851851851851852
2 0.42213541666666665 0.2583333333333333 0.0203125 0.08333333333333333
2 0.328125 0.575925925925926 0.014583333333333334 0.06296296296296296
2 0.5334531250000001 0.7987314814814814 0.008671874999999999 0.0345462962962963
2 0.405828125 0.80275 0.008635416666666666 0.03442592592592592
