2 0.36018518518518516 0.6369791666666667 0.03148148148148148 0.008333333333333333
2 0.36666666666666664 0.7236979166666666 0.03333333333333333 0.0109375
2 0.4074074074074074 0.42994791666666665 0.02962962962962963 0.013020833333333334
2 0.30277777777777776 0.4783854166666667 0.025925925925925925 0.0078125
2 0.42685185185185187 0.4169270833333333 0.03888888888888889 0.015104166666666667
2 0.5686018518518519 0.46387500000000004 0.050166666666666665 0.016286458333333333
2 0.3541666666666667 0.6807291666666666 0.032407407407407406 0.008333333333333333
2 0.39537037037037037 0.6619791666666667 0.02962962962962963 0.007291666666666667
2 0.3486111111111111 0.5244791666666666 0.028703703703703703 0.009375
2 0.3398148148148148 0.4236979166666667 0.02962962962962963 0.0109375
3 0.3861111111111111 0.475 0.037037037037037035 0.014583333333333334
2 0.3106481481481482 0.49739583333333337 0.026851851851851852 0.0125
2 0.4641944444444444 0.5605833333333334 0.048768518518518524 0.020119791666666668
2 0.5675925925925925 0.2755208333333333 0.05185185185185185 0.011458333333333333
2 0.44027777777777777 0.5153645833333333 0.03981481481481482 0.0109375
2 0.4638888888888889 0.7578125 0.046296296296296294 0.011458333333333333
2 0.3875 0.76015625 0.03796296296296296 0.011979166666666667
2 0.4486111111111111 0.7736979166666667 0.041666666666666664 0.011979166666666667
2 0.4111111111111111 0.35963541666666665 0.03518518518518519 0.008854166666666666
3 0.6944444444444444 0.10286458333333337 0.06296296296296296 0.0203125
2 0.46435185185185185 0.2979166666666667 0.04351851851851852 0.007291666666666667
2 0.32282407407407404 0.6658125 0.03200925925925926 0.007921875
3 0.29947222222222225 0.7489739583333332 0.03028703703703704 0.006140624999999999
0 0.44401851851851853 0.40942708333333333 0.0075833333333333326 0.004734375
1 0.3676388888888889 0.14902083333333327 0.03769444444444445 0.011442708333333333
