2 0.3953981481481481 0.41236458333333337 0.036361111111111115 0.011635416666666667
2 0.3490740740740741 0.6916666666666667 0.022222222222222223 0.011458333333333333
2 0.3351851851851852 0.5125 0.03148148148148148 0.008333333333333333
2 0.3875 0.6885416666666666 0.03425925925925926 0.007291666666666667
2 0.33287037037037037 0.5403645833333333 0.030555555555555555 0.009895833333333333
2 0.42083333333333334 0.41145833333333337 0.04351851851851852 0.010416666666666666
1 0.3490740740740741 0.3067708333333333 0.03333333333333333 0.007291666666666667
2 0.37175925925925923 0.8223958333333333 0.032407407407407406 0.00625
2 0.36203703703703705 0.48072916666666665 0.03518518518518519 0.007291666666666667
2 0.41944444444444445 0.67578125 0.037037037037037035 0.008854166666666666
2 0.3939814814814815 0.46796875000000004 0.03611111111111111 0.0067708333333333336
2 0.34814814814814815 0.7138020833333334 0.02962962962962963 0.0067708333333333336
2 0.36342592592592593 0.596875 0.032407407407407406 0.008333333333333333
3 0.6161296296296296 0.158203125 0.06003703703703704 0.015369791666666667
2 0.4759259259259259 0.5411458333333333 0.046296296296296294 0.008333333333333333
2 0.40879629629629627 0.8078125 0.03796296296296296 0.009375
2 0.5578703703703703 0.27369791666666665 0.049074074074074076 0.015104166666666667
2 0.4638888888888889 0.5161458333333333 0.040740740740740744 0.008333333333333333
2 0.5060185185185185 0.8270833333333334 0.049074074074074076 0.011458333333333333
2 0.4861111111111111 0.3984375 0.044444444444444446 0.011458333333333333
3 0.4246759259259259 0.5508645833333333 0.041666666666666664 0.011979166666666667
2 0.48148148148148145 0.3739583333333333 0.04814814814814815 0.009375
0 0.31500925925925927 0.68015625 0.009101851851851852 0.0047552083333333335
2 0.48969444444444443 0.8279895833333333 0.04849074074074074 0.01078125
3 0.31627777777777777 0.8443958333333333 0.031453703703703706 0.008578124999999999
