3 0.8711145833333334 0.7019074074074074 0.008895833333333332 0.033435185185185186
2 0.3416093750000001 0.43086111111111114 0.017598958333333335 0.04198148148148149
2 0.36692708333333335 0.625 0.0140625 0.040740740740740744
1 0.22786458333333337 0.6574074074074074 0.011979166666666667 0.03888888888888889
2 0.45390624999999996 0.6333333333333333 0.0140625 0.044444444444444446
2 0.37916666666666665 0.6245370370370371 0.008333333333333333 0.04351851851851852
2 0.73984375 0.6365740740740741 0.008854166666666666 0.03981481481481482
2 0.28515625 0.5097222222222222 0.009895833333333333 0.04722222222222222
3 0.009869791666666683 0.3537407407407407 0.01973958333333333 0.07214814814814816
2 0.32838541666666665 0.44305555555555554 0.0203125 0.058333333333333334
2 0.6341145833333333 0.5805555555555555 0.011979166666666667 0.046296296296296294
2 0.41927083333333337 0.6527777777777778 0.009375 0.03888888888888889
3 0.46640625 0.6027777777777779 0.008854166666666666 0.046296296296296294
2 0.5671875 0.5305555555555556 0.008333333333333333 0.05185185185185185
2 0.37473958333333335 0.5416666666666667 0.0203125 0.044444444444444446
2 0.65 0.6254629629629629 0.011458333333333333 0.04351851851851852
2 0.5572916666666667 0.44907407407407407 0.014583333333333334 0.05925925925925926
2 0.8348958333333334 0.5990740740740741 0.0125 0.046296296296296294
2 0.81484375 0.5902777777777778 0.009895833333333333 0.04722222222222222
2 0.52890625 0.5976851851851852 0.009895833333333333 0.04351851851851852
2 0.7794270833333333 0.4731481481481481 0.0109375 0.05925925925925926
2 0.2533854166666667 0.5319444444444444 0.015104166666666667 0.05092592592592592
2 0.43723958333333335 0.49629629629629635 0.015104166666666667 0.05
2 0.7223958333333333 0.462037037037037 0.016666666666666666 0.053703703703703705
0 0.36711458333333324 0.4466944444444444 0.007317708333333334 0.012055555555555555
