1 0.2817708333333333 0.6523148148148148 0.011458333333333333 0.03796296296296296
2 0.3609375 0.5865740740740741 0.013541666666666667 0.03611111111111111
2 0.3888020833333333 0.5106481481481482 0.009895833333333333 0.03611111111111111
2 0.5130208333333333 0.6805555555555556 0.007291666666666667 0.03148148148148148
2 0.7966145833333333 0.6 0.009895833333333333 0.03333333333333333
2 0.49479166666666663 0.6726851851851852 0.009375 0.026851851851851852
2 0.6861979166666667 0.5986111111111111 0.0078125 0.03425925925925926
2 0.4044270833333333 0.5893518518518519 0.009895833333333333 0.03611111111111111
2 0.7809895833333333 0.6509259259259259 0.0067708333333333336 0.027777777777777776
2 0.76953125 0.6125 0.008854166666666666 0.03425925925925926
2 0.3622395833333333 0.5462962962962963 0.015104166666666667 0.037037037037037035
2 0.8437552083333333 0.4936111111111111 0.008322916666666668 0.048324074074074075
2 0.2528645833333333 0.44907407407407407 0.008854166666666666 0.05185185185185185
2 0.6919270833333333 0.5675925925925926 0.008854166666666666 0.037037037037037035
3 0.48124999999999996 0.5856481481481481 0.008333333333333333 0.03611111111111111
2 0.51875 0.5166666666666666 0.011458333333333333 0.044444444444444446
2 0.578125 0.6361111111111111 0.010416666666666666 0.03148148148148148
2 0.8526041666666666 0.5800925925925926 0.011458333333333333 0.03981481481481482
2 0.4981770833333333 0.5310185185185186 0.015104166666666667 0.03981481481481482
3 0.13303125000000005 0.3969259259259259 0.017109375 0.058
0 0.5474791666666666 0.6910648148148149 0.005932291666666667 0.012092592592592592
2 0.4323072916666667 0.6290648148148148 0.0115625 0.037648148148148146
2 0.38821354166666666 0.4912685185185186 0.020484375 0.02398148148148148
3 0.8488854166666666 0.6829259259259259 0.010723958333333334 0.032907407407407406
2 0.8389375 0.5034166666666667 0.009567708333333334 0.04662962962962963
