2 0.6046018518518519 0.5876354166666666 0.036361111111111115 0.011635416666666667
2 0.6509259259259259 0.30833333333333335 0.022222222222222223 0.011458333333333333
2 0.6648148148148147 0.4875 0.03148148148148148 0.008333333333333333
2 0.6125 0.31145833333333334 0.03425925925925926 0.007291666666666667
2 0.6671296296296296 0.4596354166666667 0.030555555555555555 0.009895833333333333
2 0.5791666666666666 0.5885416666666666 0.04351851851851852 0.010416666666666666
1 0.6509259259259259 0.6932291666666667 0.03333333333333333 0.007291666666666667
2 0.6282407407407408 0.17760416666666667 0.032407407407407406 0.00625
2 0.637962962962963 0.5192708333333333 0.03518518518518519 0.007291666666666667
2 0.5805555555555555 0.32421875 0.037037037037037035 0.008854166666666666
2 0.6060185185185185 0.53203125 0.03611111111111111 0.0067708333333333336
2 0.6518518518518519 0.28619791666666666 0.02962962962962963 0.0067708333333333336
2 0.6365740740740741 0.403125 0.032407407407407406 0.008333333333333333
3 0.3838703703703704 0.841796875 0.06003703703703704 0.015369791666666667
2 0.5240740740740741 0.4588541666666667 0.046296296296296294 0.008333333333333333
2 0.5912037037037037 0.1921875 0.03796296296296296 0.009375
2 0.44212962962962965 0.7263020833333333 0.049074074074074076 0.015104166666666667
2 0.5361111111111111 0.48385416666666664 0.040740740740740744 0.008333333333333333
2 0.49398148148148147 0.17291666666666666 0.049074074074074076 0.011458333333333333
2 0.5138888888888888 0.6015625 0.044444444444444446 0.011458333333333333
3 0.5753240740740742 0.4491354166666667 0.041666666666666664 0.011979166666666667
2 0.5185185185185186 0.6260416666666667 0.04814814814814815 0.009375
0 0.6849907407407407 0.31984375000000004 0.009101851851851852 0.0047552083333333335
2 0.5103055555555556 0.17201041666666667 0.04849074074074074 0.01078125
3 0.6837222222222222 0.15560416666666665 0.031453703703703706 0.008578124999999999
