2 0.33177604166666663 0.6833055555555556 0.008338541666666668 0.04460185185185185
2 0.3421875 0.6870370370370371 0.007291666666666667 0.03518518518518519
2 0.27826562499999996 0.6474814814814814 0.00596875 0.037564814814814815
2 0.37031250000000004 0.6796296296296296 0.008333333333333333 0.037037037037037035
2 0.46406250000000004 0.7217592592592592 0.008333333333333333 0.032407407407407406
2 0.5072916666666667 0.7351851851851852 0.011458333333333333 0.02962962962962963
2 0.321875 0.638425925925926 0.009375 0.04722222222222222
2 0.39583333333333337 0.6763888888888889 0.010416666666666666 0.03425925925925926
2 0.6611666666666667 0.6649259259259259 0.009958333333333335 0.04282407407407408
2 0.4447916666666667 0.6564814814814814 0.010416666666666666 0.04259259259259259
3 0.966578125 0.6981481481481482 0.010416666666666666 0.03888888888888889
3 0.4765625 0.6685185185185185 0.009375 0.04259259259259259
2 0.8171875 0.612037037037037 0.011458333333333333 0.05
2 0.6161458333333334 0.5333333333333333 0.0125 0.05740740740740741
2 0.553125 0.6152777777777778 0.009375 0.04722222222222222
2 0.5776041666666667 0.5305555555555556 0.010416666666666666 0.05555555555555555
2 0.3956197916666666 0.733675925925926 0.008276041666666668 0.03337962962962963
2 0.38803124999999994 0.7302500000000001 0.010265625 0.03161111111111111
2 0.3196979166666666 0.6490648148148148 0.010135416666666668 0.04016666666666667
1 0.27894270833333334 0.6816111111111112 0.008104166666666668 0.04315740740740741
2 0.27596875 0.6575 0.007270833333333334 0.038981481481481485
0 0.49920833333333337 0.726537037037037 0.0037447916666666667 0.007194444444444444
2 0.6621614583333333 0.683787037037037 0.012479166666666668 0.03944444444444445
