2 0.4955729166666667 0.750462962962963 0.0078125 0.026851851851851852
2 0.49765625 0.549074074074074 0.0078125 0.044444444444444446
2 0.5080729166666667 0.7115740740740741 0.0067708333333333336 0.026851851851851852
2 0.59140625 0.7550925925925926 0.0067708333333333336 0.026851851851851852
3 0.46744791666666663 0.26111111111111107 0.016145833333333335 0.08148148148148149
2 0.4041666666666667 0.7106481481481481 0.007291666666666667 0.03611111111111111
2 0.6096354166666667 0.7435185185185185 0.0078125 0.025925925925925925
2 0.44114583333333335 0.6939814814814815 0.008333333333333333 0.03611111111111111
2 0.3666666666666667 0.6412037037037037 0.007291666666666667 0.03796296296296296
2 0.6559895833333333 0.6875 0.0078125 0.03425925925925926
1 0.10703125000000002 0.6657407407407407 0.0109375 0.037037037037037035
2 0.30338541666666663 0.7208333333333333 0.0078125 0.032407407407407406
2 0.6846354166666666 0.5643518518518518 0.008854166666666666 0.04351851851851852
3 0.5784427083333333 0.6518518518518519 0.0078125 0.03888888888888889
2 0.4513020833333333 0.6472222222222221 0.0078125 0.03888888888888889
2 0.6809895833333333 0.6300925925925926 0.008854166666666666 0.041666666666666664
1 0.9447916666666667 0.6337962962962963 0.011458333333333333 0.04351851851851852
2 0.60859375 0.600462962962963 0.008854166666666666 0.04351851851851852
2 0.5203125 0.6527777777777778 0.008333333333333333 0.037037037037037035
2 0.671875 0.6458333333333333 0.009375 0.03796296296296296
2 0.1596354166666667 0.5976851851851852 0.0078125 0.04537037037037037
2 0.3731770833333333 0.2967592592592593 0.0171875 0.06944444444444445
2 0.63046875 0.46064814814814814 0.015104166666666667 0.05092592592592592
3 0.6347239583333333 0.7748888888888888 0.008526041666666668 0.03557407407407408
2 0.43661979166666665 0.7707407407407407 0.008916666666666666 0.03579629629629629
0 0.31161979166666665 0.7048888888888889 0.004208333333333333 0.008351851851851852
