3 0.7611111111111111 0.33828125 0.02962962962962963 0.008854166666666666
2 0.5953703703703703 0.23333333333333334 0.044444444444444446 0.010416666666666666
2 0.6986111111111111 0.4203125 0.030555555555555555 0.007291666666666667
2 0.6856481481481482 0.6005208333333333 0.03796296296296296 0.009375
2 0.6492037037037037 0.6602395833333333 0.03863888888888889 0.012145833333333333
2 0.6375 0.4317708333333333 0.03796296296296296 0.009375
2 0.5055555555555555 0.23385416666666667 0.046296296296296294 0.0125
2 0.7092592592592593 0.67265625 0.03148148148148148 0.0078125
2 0.6759259259259259 0.6216145833333333 0.03333333333333333 0.013020833333333334
2 0.7092592592592593 0.5408854166666667 0.03333333333333333 0.009895833333333333
2 0.6675925925925925 0.6940104166666666 0.037037037037037035 0.008854166666666666
2 0.6611111111111111 0.42291666666666666 0.037037037037037035 0.0125
2 0.7185185185185186 0.39296875 0.03518518518518519 0.009895833333333333
2 0.637962962962963 0.7947916666666667 0.044444444444444446 0.010416666666666666
3 0.6319444444444444 0.6046875 0.04537037037037037 0.008333333333333333
2 0.5935185185185186 0.696875 0.044444444444444446 0.013541666666666667
2 0.5115740740740741 0.47578125 0.06018518518518518 0.011979166666666667
2 0.55 0.22578125 0.05740740740740741 0.013020833333333334
2 0.675 0.27239583333333334 0.040740740740740744 0.010416666666666666
2 0.5962962962962963 0.3580729166666667 0.046296296296296294 0.009895833333333333
2 0.5453703703703704 0.77578125 0.05555555555555555 0.009895833333333333
2 0.4282407407407407 0.3963541666666667 0.062037037037037036 0.01875
