3 0.33828125 0.23888888888888893 0.008854166666666666 0.02962962962962963
2 0.2333333333333334 0.4046296296296297 0.010416666666666666 0.044444444444444446
2 0.4203125 0.30138888888888893 0.007291666666666667 0.030555555555555555
2 0.6005208333333333 0.31435185185185177 0.009375 0.03796296296296296
2 0.6602395833333333 0.3507962962962963 0.012145833333333333 0.03863888888888889
2 0.4317708333333333 0.36250000000000004 0.009375 0.03796296296296296
2 0.2338541666666667 0.49444444444444446 0.0125 0.046296296296296294
2 0.67265625 0.29074074074074074 0.0078125 0.03148148148148148
2 0.6216145833333333 0.32407407407407407 0.013020833333333334 0.03333333333333333
2 0.5408854166666667 0.29074074074074074 0.009895833333333333 0.03333333333333333
2 0.6940104166666666 0.3324074074074075 0.008854166666666666 0.037037037037037035
2 0.4229166666666666 0.3388888888888889 0.0125 0.037037037037037035
2 0.39296875 0.28148148148148144 0.009895833333333333 0.03518518518518519
2 0.7947916666666667 0.36203703703703705 0.010416666666666666 0.044444444444444446
3 0.6046875 0.3680555555555556 0.008333333333333333 0.04537037037037037
2 0.696875 0.40648148148148144 0.013541666666666667 0.044444444444444446
2 0.47578125000000004 0.48842592592592593 0.011979166666666667 0.06018518518518518
2 0.22578125000000004 0.44999999999999996 0.013020833333333334 0.05740740740740741
2 0.2723958333333334 0.32499999999999996 0.010416666666666666 0.040740740740740744
2 0.35807291666666674 0.4037037037037037 0.009895833333333333 0.046296296296296294
2 0.77578125 0.4546296296296296 0.009895833333333333 0.05555555555555555
2 0.3963541666666667 0.5717592592592593 0.01875 0.062037037037037036
