2 0.6935185185185185 0.4 0.03888888888888889 0.010416666666666666
1 0.674074074074074 0.14869791666666668 0.03888888888888889 0.009895833333333333
2 0.4889444444444444 0.40793229166666667 0.05787962962962963 0.018932291666666667
2 0.6587962962962963 0.803125 0.03611111111111111 0.009375
2 0.5569444444444445 0.2375 0.049074074074074076 0.008333333333333333
2 0.700462962962963 0.6856770833333333 0.032407407407407406 0.0078125
2 0.6476851851851853 0.8122395833333333 0.041666666666666664 0.0078125
2 0.5930555555555556 0.7020833333333333 0.04351851851851852 0.014583333333333334
2 0.6805555555555556 0.33307291666666666 0.03888888888888889 0.0078125
2 0.4046296296296297 0.7776041666666667 0.06111111111111111 0.013541666666666667
3 0.55 0.4953125 0.04259259259259259 0.017708333333333333
2 0.5449074074074074 0.6505208333333333 0.05462962962962963 0.010416666666666666
2 0.6837962962962962 0.65 0.03796296296296296 0.009375
2 0.4893518518518518 0.44088541666666664 0.049074074074074076 0.0109375
2 0.6152777777777778 0.3971354166666667 0.04537037037037037 0.008854166666666666
2 0.5925925925925926 0.28828125 0.04814814814814815 0.009895833333333333
2 0.38842592592592595 0.3450520833333333 0.06388888888888888 0.0140625
2 0.5087962962962963 0.48411458333333335 0.049074074074074076 0.015104166666666667
2 0.5342592592592592 0.8171875 0.053703703703703705 0.014583333333333334
2 0.4027777777777778 0.30104166666666665 0.053703703703703705 0.030208333333333334
2 0.525462962962963 0.22265625 0.05648148148148148 0.011979166666666667
3 0.1504629629629629 0.92715625 0.08796296296296297 0.028125
3 0.7944259259259259 0.427171875 0.03138888888888889 0.008583333333333333
2 0.5007222222222222 0.4040625 0.04961111111111111 0.021791666666666668
0 0.45671296296296293 0.4359375 0.010333333333333333 0.00459375
