2 0.6398148148148148 0.36302083333333335 0.03148148148148148 0.008333333333333333
2 0.6333333333333333 0.27630208333333334 0.03333333333333333 0.0109375
2 0.5925925925925926 0.5700520833333333 0.02962962962962963 0.013020833333333334
2 0.6972222222222222 0.5216145833333333 0.025925925925925925 0.0078125
2 0.5731481481481482 0.5830729166666667 0.03888888888888889 0.015104166666666667
2 0.43139814814814814 0.536125 0.050166666666666665 0.016286458333333333
2 0.6458333333333333 0.31927083333333334 0.032407407407407406 0.008333333333333333
2 0.6046296296296296 0.3380208333333333 0.02962962962962963 0.007291666666666667
2 0.6513888888888889 0.47552083333333334 0.028703703703703703 0.009375
2 0.6601851851851852 0.5763020833333333 0.02962962962962963 0.0109375
3 0.6138888888888889 0.525 0.037037037037037035 0.014583333333333334
2 0.6893518518518518 0.5026041666666666 0.026851851851851852 0.0125
2 0.5358055555555556 0.4394166666666666 0.048768518518518524 0.020119791666666668
2 0.43240740740740746 0.7244791666666667 0.05185185185185185 0.011458333333333333
2 0.5597222222222222 0.48463541666666665 0.03981481481481482 0.0109375
2 0.5361111111111111 0.2421875 0.046296296296296294 0.011458333333333333
2 0.6125 0.23984375 0.03796296296296296 0.011979166666666667
2 0.5513888888888889 0.22630208333333332 0.041666666666666664 0.011979166666666667
2 0.5888888888888889 0.6403645833333333 0.03518518518518519 0.008854166666666666
3 0.3055555555555556 0.8971354166666666 0.06296296296296296 0.0203125
2 0.5356481481481481 0.7020833333333333 0.04351851851851852 0.007291666666666667
2 0.677175925925926 0.33418749999999997 0.03200925925925926 0.007921875
3 0.7005277777777777 0.2510260416666667 0.03028703703703704 0.006140624999999999
0 0.5559814814814814 0.5905729166666667 0.0075833333333333326 0.004734375
1 0.6323611111111112 0.8509791666666667 0.03769444444444445 0.011442708333333333
