2 0.2587962962962963 0.48515624999999996 0.03611111111111111 0.0078125
2 0.28379629629629627 0.47734374999999996 0.03796296296296296 0.0078125
2 0.27141666666666664 0.4218697916666667 0.03912037037037037 0.011171875
2 0.274537037037037 0.40156250000000004 0.03611111111111111 0.010416666666666666
2 0.3013888888888889 0.6251354166666667 0.04351851851851852 0.008609375
2 0.2449074074074074 0.4520833333333333 0.03425925925925926 0.010416666666666666
2 0.2675925925925926 0.6627604166666667 0.03888888888888889 0.008854166666666666
2 0.2986111111111111 0.38255208333333335 0.04537037037037037 0.009895833333333333
2 0.3236111111111111 0.4614583333333333 0.03796296296296296 0.008333333333333333
3 0.3037037037037037 0.446875 0.044444444444444446 0.009375
2 0.32546296296296295 0.61328125 0.04537037037037037 0.008854166666666666
2 0.3685185185185185 0.4744791666666667 0.05 0.010416666666666666
2 0.31296296296296294 0.7971354166666667 0.044444444444444446 0.013020833333333334
2 0.36203703703703705 0.6565104166666667 0.05 0.013020833333333334
2 0.31712962962962965 0.2989583333333333 0.04722222222222222 0.014583333333333334
1 0.31157407407407406 0.08463541666666663 0.04722222222222222 0.0109375
2 0.3375 0.33203125 0.049074074074074076 0.015104166666666667
2 0.5782407407407407 0.09843749999999996 0.08611111111111111 0.013541666666666667
2 0.44985185185185184 0.24527604166666672 0.055268518518518515 0.016739583333333332
2 0.5328703703703703 0.553125 0.09166666666666666 0.015625
2 0.43425925925925923 0.7901041666666666 0.06111111111111111 0.014583333333333334
3 0.2470462962962963 0.7558177083333333 0.034833333333333334 0.011078125
0 0.3065462962962963 0.7269375 0.009574074074074073 0.004744791666666666
2 0.2707037037037037 0.6193802083333333 0.04008333333333333 0.009385416666666667
