3 0.7703703703703704 0.21714583333333334 0.046296296296296294 0.009375
2 0.7166666666666667 0.3375 0.040740740740740744 0.017708333333333333
2 0.7194444444444444 0.30807291666666664 0.044444444444444446 0.013020833333333334
2 0.7671296296296296 0.46067708333333335 0.041666666666666664 0.011979166666666667
2 0.7560185185185185 0.5994791666666667 0.04537037037037037 0.009375
2 0.7601851851851852 0.3625 0.03888888888888889 0.015625
2 0.7314814814814814 0.5458333333333333 0.04814814814814815 0.013541666666666667
2 0.7564814814814815 0.6239583333333333 0.04259259259259259 0.013541666666666667
2 0.5986111111111111 0.76953125 0.062037037037037036 0.018229166666666668
2 0.7194444444444444 0.35546875 0.04814814814814815 0.011979166666666667
2 0.7032407407407407 0.6723958333333333 0.05648148148148148 0.009375
2 0.7407407407407407 0.5807291666666666 0.05 0.010416666666666666
3 0.6800092592592593 0.4197916666666667 0.05648148148148148 0.013541666666666667
2 0.6851851851851851 0.32786458333333335 0.05 0.015104166666666667
2 0.7148148148148148 0.5200520833333333 0.05 0.0140625
2 0.6226851851851851 0.17916666666666667 0.05648148148148148 0.020833333333333332
2 0.6972222222222222 0.45598958333333334 0.053703703703703705 0.015104166666666667
2 0.6861111111111111 0.4375 0.053703703703703705 0.013541666666666667
2 0.5722222222222222 0.27447916666666666 0.06851851851851852 0.025
2 0.5564814814814815 0.25104166666666666 0.06666666666666667 0.022916666666666665
2 0.7233518518518518 0.3201458333333333 0.0410925925925926 0.016260416666666666
2 0.7340555555555555 0.330265625 0.041296296296296296 0.011838541666666667
