2 0.5587314814814814 0.812625 0.07531481481481482 0.022359375
2 0.5581296296296296 0.5617916666666667 0.08087037037037037 0.021500000000000002
2 0.4582685185185185 0.78884375 0.064 0.022697916666666665
2 0.4947037037037037 0.8086041666666667 0.06646296296296296 0.022651041666666667
2 0.4481574074074074 0.5776822916666666 0.06882407407407408 0.018078125
2 0.3306296296296296 0.04893229166666668 0.052833333333333336 0.0135625
2 0.3358888888888889 0.5917239583333334 0.0489537037037037 0.01240625
2 0.3793703703703704 0.13298437499999993 0.05670370370370371 0.015546875
2 0.4346388888888889 0.04636979166666666 0.06937962962962964 0.020119791666666668
2 0.2856388888888889 0.1025625 0.046648148148148154 0.010567708333333333
2 0.43682407407407403 0.31634895833333343 0.06911111111111111 0.027177083333333334
3 0.4067222222222222 0.5313229166666666 0.06568518518518518 0.018515624999999997
2 0.39766666666666667 0.6372552083333334 0.05248148148148148 0.022875
2 0.3114074074074074 0.6191979166666667 0.054296296296296294 0.010541666666666666
2 0.27523148148148147 0.534203125 0.04299074074074074 0.011427083333333334
2 0.2734166666666667 0.5123854166666666 0.04591666666666667 0.018072916666666668
1 0.3139166666666666 0.8469166666666667 0.047185185185185184 0.015614583333333333
2 0.3165277777777778 0.2986354166666667 0.04921296296296296 0.013369791666666667
2 0.33641666666666664 0.6727552083333334 0.05156481481481481 0.014484374999999999
2 0.30869444444444444 0.20299999999999996 0.0510462962962963 0.01659375
2 0.33108333333333334 0.6335677083333333 0.05047222222222222 0.014671875000000001
3 0.20925925925925926 0.48277083333333326 0.03579629629629629 0.009083333333333334
2 0.4028240740740741 0.64790625 0.05578703703703704 0.016520833333333332
0 0.5836944444444444 0.8073333333333333 0.01312962962962963 0.0069479166666666665
