2 0.2851851851851852 0.4442083333333334 0.030851851851851853 0.012375
2 0.3 0.453125 0.03333333333333333 0.009375
2 0.3106481481481482 0.29609375000000004 0.03796296296296296 0.008854166666666666
1 0.3449074074074074 0.04192708333333328 0.03611111111111111 0.0109375
2 0.36898148148148147 0.26822916666666663 0.03981481481481482 0.011458333333333333
2 0.350462962962963 0.30234375 0.04351851851851852 0.0109375
2 0.32592592592592595 0.2791666666666667 0.04259259259259259 0.009375
3 0.3292407407407407 0.41015625 0.041666666666666664 0.0078125
2 0.34444444444444444 0.39322916666666663 0.044444444444444446 0.0125
2 0.3592592592592593 0.53515625 0.046296296296296294 0.008854166666666666
2 0.31342592592592594 0.5692708333333334 0.03611111111111111 0.013541666666666667
2 0.3662037037037037 0.6721354166666667 0.05092592592592592 0.009895833333333333
2 0.3875 0.19270833333333337 0.04722222222222222 0.009375
2 0.3509259259259259 0.23567708333333337 0.04814814814814815 0.008854166666666666
2 0.37546296296296294 0.37369791666666663 0.049074074074074076 0.009895833333333333
2 0.40185185185185185 0.7213541666666667 0.05740740740740741 0.013541666666666667
2 0.4375 0.6346354166666667 0.05648148148148148 0.011979166666666667
2 0.4476851851851852 0.6986979166666667 0.05648148148148148 0.0109375
2 0.4564814814814815 0.2109375 0.05740740740740741 0.013541666666666667
2 0.4125 0.4359375 0.05277777777777778 0.0125
2 0.5055555555555555 0.35677083333333337 0.06111111111111111 0.017708333333333333
2 0.7569444444444444 0.63515625 0.10092592592592593 0.022395833333333334
2 0.7652777777777777 0.6643229166666667 0.10277777777777777 0.021354166666666667
3 0.2784537037037037 0.6998541666666667 0.04064814814814815 0.009322916666666665
2 0.32216666666666666 0.3041770833333334 0.037981481481481484 0.010885416666666667
