2 0.384375 0.5814814814814815 0.011458333333333333 0.04259259259259259
2 0.4864583333333333 0.6101851851851852 0.009375 0.040740740740740744
2 0.6932291666666667 0.6157407407407407 0.011458333333333333 0.03888888888888889
2 0.36979166666666663 0.6 0.011458333333333333 0.040740740740740744
2 0.2885416666666667 0.6189814814814815 0.007291666666666667 0.04351851851851852
3 0.49609375 0.5912037037037037 0.0109375 0.041666666666666664
1 0.8473958333333333 0.6171296296296296 0.013541666666666667 0.041666666666666664
2 0.59453125 0.5888888888888889 0.0109375 0.04259259259259259
2 0.4041666666666667 0.48611111111111116 0.011458333333333333 0.06111111111111111
2 0.22421875000000002 0.5574074074074074 0.009895833333333333 0.05
2 0.7708333333333334 0.5351851851851852 0.009375 0.05
2 0.68515625 0.5740740740740741 0.008854166666666666 0.04814814814814815
2 0.26875000000000004 0.5199074074074075 0.010416666666666666 0.05648148148148148
2 0.2549479166666667 0.5231481481481481 0.0109375 0.05555555555555555
2 0.4546875 0.5421296296296296 0.011458333333333333 0.049074074074074076
2 0.49765625 0.5300925925925926 0.013020833333333334 0.049074074074074076
2 0.42656249999999996 0.27268518518518514 0.020833333333333332 0.0787037037037037
2 0.7716145833333333 0.48611111111111116 0.0109375 0.05555555555555555
3 0.039494791666666584 0.2587962962962963 0.024828125 0.08611111111111111
2 0.29322916666666665 0.42638888888888893 0.017708333333333333 0.06574074074074074
2 0.6546875 0.4629629629629629 0.010416666666666666 0.053703703703703705
2 0.3661458333333333 0.28101851851851856 0.017708333333333333 0.08796296296296297
2 0.521875 0.3819444444444444 0.016666666666666666 0.06759259259259259
2 0.3950989583333333 0.49249999999999994 0.014624999999999999 0.03557407407407408
2 0.4544583333333333 0.6792592592592592 0.009364583333333334 0.03253703703703704
3 0.5892291666666667 0.7005555555555556 0.005645833333333333 0.02535185185185185
0 0.6933177083333333 0.598574074074074 0.005083333333333333 0.007712962962962963
