3 0.6935625 0.7352407407407408 0.010791666666666666 0.037148148148148145
0 0.6388020833333333 0.3939814814814815 0.005729166666666666 0.012037037037037037
2 0.6166666666666667 0.700462962962963 0.009375 0.03981481481481482
2 0.3299479166666667 0.6731481481481482 0.009895833333333333 0.04814814814814815
2 0.540625 0.6671296296296296 0.010416666666666666 0.04722222222222222
2 0.359375 0.6976851851851852 0.0125 0.04351851851851852
3 0.008854166666666718 0.18842592592592589 0.017708333333333333 0.09351851851851851
2 0.5036458333333333 0.6615740740740741 0.0125 0.05092592592592592
3 0.428125 0.5944444444444444 0.010416666666666666 0.05555555555555555
2 0.15703124999999996 0.312037037037037 0.015104166666666667 0.0962962962962963
2 0.30234375 0.6333333333333333 0.0140625 0.05
2 0.31484375 0.6212962962962962 0.0140625 0.05740740740740741
2 0.26145833333333335 0.6023148148148147 0.015625 0.062037037037037036
2 0.37135416666666665 0.4898148148148148 0.014583333333333334 0.05925925925925926
2 0.38932291666666663 0.5476851851851852 0.016145833333333335 0.06574074074074074
2 0.74921875 0.6527777777777778 0.013020833333333334 0.053703703703703705
2 0.446875 0.5898148148148148 0.016666666666666666 0.06481481481481481
2 0.21380208333333328 0.5111111111111111 0.015104166666666667 0.07222222222222222
2 0.51484375 0.37175925925925923 0.0171875 0.08981481481481482
2 0.9114583333333334 0.4449074074074074 0.019791666666666666 0.0787037037037037
2 0.20338541666666665 0.22129629629629632 0.027604166666666666 0.10740740740740741
2 0.6481770833333333 0.31574074074074077 0.022395833333333334 0.08888888888888889
2 0.66484375 0.5231481481481481 0.016145833333333335 0.07037037037037037
2 0.7059895833333334 0.5611111111111111 0.013020833333333334 0.06111111111111111
