2 0.7152777777777778 0.55234375 0.03981481481481482 0.0109375
3 0.6787037037037037 0.5871927083333334 0.046296296296296294 0.013020833333333334
2 0.7027777777777777 0.7442708333333333 0.03888888888888889 0.0125
2 0.7356481481481482 0.6291666666666667 0.032407407407407406 0.011458333333333333
2 0.724537037037037 0.43385416666666665 0.03981481481481482 0.008333333333333333
2 0.6717592592592593 0.6473958333333333 0.03981481481481482 0.008333333333333333
2 0.7435185185185185 0.465625 0.03518518518518519 0.009375
2 0.6986111111111111 0.6846354166666667 0.041666666666666664 0.009895833333333333
2 0.6986111111111111 0.4388020833333333 0.03796296296296296 0.0140625
2 0.7277777777777779 0.5005208333333333 0.037037037037037035 0.011458333333333333
2 0.7203703703703703 0.5205729166666667 0.040740740740740744 0.009895833333333333
2 0.6907407407407408 0.7833333333333333 0.04814814814814815 0.015625
1 0.6981481481481482 0.12239583333333333 0.044444444444444446 0.010416666666666666
3 0.17083333333333328 0.9919270833333333 0.09907407407407408 0.016145833333333335
2 0.686574074074074 0.8151041666666666 0.049074074074074076 0.011458333333333333
2 0.7083333333333333 0.27291666666666664 0.044444444444444446 0.010416666666666666
2 0.6412037037037037 0.8205729166666667 0.05092592592592592 0.011979166666666667
2 0.6467592592592593 0.5182291666666666 0.05277777777777778 0.008333333333333333
2 0.649537037037037 0.26848958333333334 0.05092592592592592 0.013020833333333334
2 0.6231481481481482 0.5924479166666666 0.05740740740740741 0.0140625
2 0.6023148148148147 0.6502604166666667 0.049074074074074076 0.015104166666666667
2 0.5476851851851852 0.32395833333333335 0.06574074074074074 0.013541666666666667
3 0.7641111111111112 0.36503125000000003 0.0362037037037037 0.009369791666666665
0 0.6830370370370371 0.4338489583333333 0.012046296296296296 0.0056875
2 0.7291388888888889 0.6466302083333333 0.03952777777777777 0.010453125
