2 0.4442083333333334 0.7148148148148148 0.012375 0.030851851851851853
2 0.453125 0.7 0.009375 0.03333333333333333
2 0.29609375000000004 0.6893518518518518 0.008854166666666666 0.03796296296296296
1 0.04192708333333328 0.6550925925925926 0.0109375 0.03611111111111111
2 0.26822916666666663 0.6310185185185185 0.011458333333333333 0.03981481481481482
2 0.30234375 0.649537037037037 0.0109375 0.04351851851851852
2 0.2791666666666667 0.674074074074074 0.009375 0.04259259259259259
3 0.41015625 0.6707592592592593 0.0078125 0.041666666666666664
2 0.39322916666666663 0.6555555555555556 0.0125 0.044444444444444446
2 0.53515625 0.6407407407407407 0.008854166666666666 0.046296296296296294
2 0.5692708333333334 0.686574074074074 0.013541666666666667 0.03611111111111111
2 0.6721354166666667 0.6337962962962963 0.009895833333333333 0.05092592592592592
2 0.19270833333333337 0.6125 0.009375 0.04722222222222222
2 0.23567708333333337 0.6490740740740741 0.008854166666666666 0.04814814814814815
2 0.37369791666666663 0.6245370370370371 0.009895833333333333 0.049074074074074076
2 0.7213541666666667 0.5981481481481481 0.013541666666666667 0.05740740740740741
2 0.6346354166666667 0.5625 0.011979166666666667 0.05648148148148148
2 0.6986979166666667 0.5523148148148148 0.0109375 0.05648148148148148
2 0.2109375 0.5435185185185185 0.013541666666666667 0.05740740740740741
2 0.4359375 0.5875 0.0125 0.05277777777777778
2 0.35677083333333337 0.49444444444444446 0.017708333333333333 0.06111111111111111
2 0.63515625 0.24305555555555558 0.022395833333333334 0.10092592592592593
2 0.6643229166666667 0.23472222222222228 0.021354166666666667 0.10277777777777777
3 0.6998541666666667 0.7215462962962963 0.009322916666666665 0.04064814814814815
2 0.3041770833333334 0.6778333333333333 0.010885416666666667 0.037981481481481484
