2 0.5703703703703704 0.5627604166666667 0.04259259259259259 0.009895833333333333
2 0.6768518518518518 0.55859375 0.040740740740740744 0.011979166666666667
2 0.6439814814814815 0.6395833333333333 0.04537037037037037 0.010416666666666666
2 0.7069444444444444 0.53203125 0.03796296296296296 0.009895833333333333
1 0.674074074074074 0.8723958333333334 0.044444444444444446 0.011458333333333333
2 0.599537037037037 0.5369791666666667 0.05648148148148148 0.015625
2 0.5666666666666667 0.6466145833333333 0.05185185185185185 0.016145833333333335
2 0.6185185185185185 0.6484375 0.05740740740740741 0.0125
3 0.6046296296296296 0.4752604166666667 0.046296296296296294 0.013020833333333334
2 0.6736111111111112 0.2604166666666667 0.04537037037037037 0.0125
2 0.6287037037037038 0.43802083333333336 0.05185185185185185 0.011458333333333333
2 0.5310185185185186 0.5658854166666667 0.05462962962962963 0.0140625
2 0.6263888888888889 0.4041666666666667 0.049074074074074076 0.017708333333333333
2 0.5569444444444445 0.6583333333333333 0.06018518518518518 0.010416666666666666
2 0.6 0.6807291666666667 0.05555555555555555 0.016666666666666666
2 0.5425925925925925 0.471875 0.05555555555555555 0.015625
2 0.4745370370370371 0.5622395833333333 0.06388888888888888 0.016145833333333335
2 0.4990740740740741 0.45807291666666666 0.05555555555555555 0.013020833333333334
3 0.38101851851851853 0.8802083333333334 0.08055555555555556 0.020833333333333332
2 0.6027777777777779 0.24010416666666667 0.053703703703703705 0.015625
2 0.45925925925925926 0.36640625 0.07037037037037037 0.0171875
2 0.4736111111111111 0.32578125 0.06574074074074074 0.0265625
2 0.48888888888888893 0.17317708333333334 0.06666666666666667 0.022395833333333334
3 0.7427407407407407 0.2556979166666667 0.03012037037037037 0.009552083333333333
0 0.4425092592592592 0.35046875 0.014564814814814815 0.007697916666666666
