2 0.27028703703703705 0.557703125 0.0390462962962963 0.009593750000000002
2 0.2847222222222222 0.47786458333333337 0.041666666666666664 0.008854166666666666
2 0.3 0.42578125 0.04814814814814815 0.009895833333333333
2 0.32222222222222224 0.7005208333333333 0.05185185185185185 0.013541666666666667
3 0.30092592592592593 0.49140625000000004 0.046296296296296294 0.0109375
2 0.275 0.7075520833333333 0.046296296296296294 0.0109375
2 0.34120370370370373 0.4604166666666667 0.04722222222222222 0.009375
2 0.2935185185185185 0.5458333333333334 0.05185185185185185 0.009375
2 0.28055555555555556 0.66015625 0.040740740740740744 0.009895833333333333
2 0.3435185185185185 0.34895833333333337 0.05555555555555555 0.008333333333333333
2 0.34074074074074073 0.3604166666666667 0.05555555555555555 0.0125
1 0.3277777777777778 0.11171874999999998 0.05555555555555555 0.008854166666666666
2 0.3907407407407407 0.4703125 0.06111111111111111 0.014583333333333334
2 0.3402777777777778 0.815625 0.05648148148148148 0.010416666666666666
2 0.35694444444444445 0.6356770833333334 0.05648148148148148 0.011979166666666667
2 0.5111111111111111 0.52578125 0.07962962962962963 0.0171875
2 0.36203703703703705 0.4057291666666667 0.05925925925925926 0.011458333333333333
2 0.449537037037037 0.7674479166666667 0.0712962962962963 0.015104166666666667
2 0.4074074074074074 0.29322916666666665 0.06296296296296296 0.0125
2 0.6527777777777778 0.1557291666666667 0.09444444444444444 0.026041666666666668
0 0.30996296296296294 0.71059375 0.011805555555555555 0.005583333333333333
2 0.28800000000000003 0.49346875 0.051416666666666666 0.011479166666666667
2 0.2616018518518518 0.5530364583333334 0.038314814814814815 0.011026041666666668
3 0.26875 0.8336250000000001 0.044953703703703704 0.008885416666666666
