2 0.38425925925925924 0.20026041666666672 0.03888888888888889 0.008854166666666666
2 0.3435185185185185 0.6432291666666667 0.03333333333333333 0.007291666666666667
2 0.3763888888888889 0.6122395833333334 0.03981481481481482 0.011979166666666667
2 0.44907407407407407 0.1713541666666667 0.04814814814814815 0.0125
3 0.4115740740740741 0.4369791666666667 0.04537037037037037 0.009375
2 0.387037037037037 0.4971354166666667 0.040740740740740744 0.008854166666666666
2 0.39861111111111114 0.3192708333333333 0.041666666666666664 0.008333333333333333
2 0.5117407407407407 0.143625 0.06154629629629629 0.014531249999999999
2 0.3638888888888889 0.4575520833333333 0.03888888888888889 0.0078125
2 0.44722222222222224 0.1953125 0.046296296296296294 0.010416666666666666
2 0.48842592592592593 0.59453125 0.049074074074074076 0.011979166666666667
2 0.36527777777777776 0.35416666666666663 0.03796296296296296 0.007291666666666667
2 0.4722222222222222 0.7953125 0.05185185185185185 0.013541666666666667
2 0.5171296296296296 0.16223958333333333 0.06018518518518518 0.018229166666666668
2 0.4689814814814815 0.3963541666666667 0.05277777777777778 0.013541666666666667
2 0.4351851851851852 0.56796875 0.046296296296296294 0.008854166666666666
2 0.6347222222222222 0.68359375 0.06759259259259259 0.0171875
2 0.5194444444444445 0.6354166666666667 0.05555555555555555 0.019791666666666666
3 0.7708333333333334 0.09296875000000004 0.09351851851851851 0.028645833333333332
2 0.575462962962963 0.28359375 0.06574074074074074 0.013020833333333334
2 0.549074074074074 0.36328125 0.06481481481481481 0.008854166666666666
1 0.3828425925925926 0.7983697916666667 0.0428425925925926 0.010661458333333334
0 0.4951018518518519 0.7914218749999999 0.009685185185185186 0.005036458333333333
3 0.2969259259259259 0.5644166666666666 0.02752777777777778 0.007072916666666667
2 0.31486111111111115 0.4525052083333333 0.03059259259259259 0.008333333333333333
