2 0.26273148148148145 0.5558229166666666 0.04306481481481481 0.015807291666666667
0 0.6291666666666667 0.7307291666666667 0.013888888888888888 0.010416666666666666
2 0.26944444444444443 0.25703125000000004 0.04259259259259259 0.009895833333333333
2 0.26851851851851855 0.58515625 0.03888888888888889 0.0140625
3 0.37592592592592594 0.5386666666666666 0.05925925925925926 0.020588541666666668
2 0.3375 0.659375 0.05092592592592592 0.023958333333333335
2 0.44675925925925924 0.75078125 0.062037037037037036 0.027604166666666666
2 0.32546296296296295 0.6119791666666667 0.05462962962962963 0.019791666666666666
2 0.2986111111111111 0.2266041666666666 0.049074074074074076 0.013458333333333333
2 0.33564814814814814 0.3002604166666667 0.05277777777777778 0.009895833333333333
2 0.3888888888888889 0.6234375 0.05185185185185185 0.017708333333333333
2 0.36898148148148147 0.6382291666666666 0.06018518518518518 0.016244791666666668
2 0.27870370370370373 0.2908854166666667 0.046296296296296294 0.0140625
2 0.3148148148148148 0.4708333333333333 0.05 0.014583333333333334
2 0.4935185185185185 0.753125 0.07222222222222222 0.029166666666666667
2 0.42314814814814816 0.4979010416666667 0.06851851851851852 0.01982291666666667
2 0.38935185185185184 0.6078125 0.06018518518518518 0.019791666666666666
2 0.3939814814814815 0.36640625000000004 0.06759259259259259 0.021354166666666667
2 0.35833333333333334 0.7166666666666667 0.05740740740740741 0.020833333333333332
2 0.37592592592592594 0.19427083333333328 0.06481481481481481 0.014583333333333334
2 0.4912037037037037 0.4296875 0.06388888888888888 0.013541666666666667
2 0.6921296296296297 0.7802083333333334 0.09537037037037037 0.04583333333333333
3 0.22562962962962962 0.6191197916666666 0.039851851851851854 0.015333333333333334
