2 0.20026041666666672 0.6157407407407407 0.008854166666666666 0.03888888888888889
2 0.6432291666666667 0.6564814814814814 0.007291666666666667 0.03333333333333333
2 0.6122395833333334 0.6236111111111111 0.011979166666666667 0.03981481481481482
2 0.1713541666666667 0.5509259259259259 0.0125 0.04814814814814815
3 0.4369791666666667 0.5884259259259259 0.009375 0.04537037037037037
2 0.4971354166666667 0.6129629629629629 0.008854166666666666 0.040740740740740744
2 0.3192708333333333 0.6013888888888889 0.008333333333333333 0.041666666666666664
2 0.143625 0.4882592592592593 0.014531249999999999 0.06154629629629629
2 0.4575520833333333 0.6361111111111111 0.0078125 0.03888888888888889
2 0.1953125 0.5527777777777778 0.010416666666666666 0.046296296296296294
2 0.59453125 0.5115740740740741 0.011979166666666667 0.049074074074074076
2 0.35416666666666663 0.6347222222222222 0.007291666666666667 0.03796296296296296
2 0.7953125 0.5277777777777778 0.013541666666666667 0.05185185185185185
2 0.16223958333333333 0.4828703703703704 0.018229166666666668 0.06018518518518518
2 0.3963541666666667 0.5310185185185186 0.013541666666666667 0.05277777777777778
2 0.56796875 0.5648148148148149 0.008854166666666666 0.046296296296296294
2 0.68359375 0.3652777777777778 0.0171875 0.06759259259259259
2 0.6354166666666667 0.4805555555555555 0.019791666666666666 0.05555555555555555
3 0.09296875000000004 0.22916666666666663 0.028645833333333332 0.09351851851851851
2 0.28359375 0.42453703703703705 0.013020833333333334 0.06574074074074074
2 0.36328125 0.45092592592592595 0.008854166666666666 0.06481481481481481
1 0.7983697916666667 0.6171574074074073 0.010661458333333334 0.0428425925925926
0 0.7914218749999999 0.504898148148148 0.005036458333333333 0.009685185185185186
3 0.5644166666666666 0.7030740740740741 0.007072916666666667 0.02752777777777778
2 0.4525052083333333 0.6851388888888889 0.008333333333333333 0.03059259259259259
