2 0.7041666666666666 0.6833333333333333 0.03981481481481482 0.009375
2 0.6881296296296296 0.6706875 0.04225 0.015921875
3 0.6777777777777778 0.6447916666666667 0.04814814814814815 0.007291666666666667
2 0.6819444444444445 0.70625 0.04351851851851852 0.013541666666666667
2 0.6481481481481481 0.7697916666666667 0.05 0.014583333333333334
2 0.6671296296296296 0.6265625 0.049074074074074076 0.010416666666666666
2 0.7087962962962964 0.58359375 0.04351851851851852 0.013020833333333334
2 0.6560185185185186 0.7208333333333333 0.049074074074074076 0.0125
2 0.6462962962962964 0.34296875 0.05185185185185185 0.009895833333333333
2 0.6375 0.6619791666666667 0.05092592592592592 0.015625
2 0.7041666666666666 0.4622395833333333 0.041666666666666664 0.0078125
2 0.6601851851851852 0.49244791666666665 0.04814814814814815 0.008854166666666666
2 0.6314814814814815 0.78359375 0.046296296296296294 0.016145833333333335
2 0.5736111111111111 0.6049479166666667 0.06018518518518518 0.015104166666666667
2 0.6064814814814814 0.24114583333333334 0.05925925925925926 0.016666666666666666
2 0.2310185185185185 0.42682291666666666 0.10277777777777777 0.024479166666666666
2 0.561574074074074 0.25494791666666666 0.062037037037037036 0.0140625
2 0.5351851851851852 0.2908854166666667 0.06296296296296296 0.021354166666666667
2 0.2226851851851852 0.3885416666666667 0.10648148148148148 0.022916666666666665
2 0.46064814814814814 0.6208333333333333 0.07314814814814814 0.026041666666666668
2 0.5305555555555556 0.765625 0.06296296296296296 0.017708333333333333
2 0.6092592592592593 0.8263020833333333 0.053703703703703705 0.0171875
3 0.7404629629629629 0.298484375 0.03746296296296296 0.011052083333333332
2 0.7469074074074074 0.6078177083333334 0.03987962962962963 0.009953125
0 0.6378703703703703 0.7168125 0.010842592592592593 0.004796875000000001
