3 0.55959375 0.7711203703703704 0.007901041666666667 0.034833333333333334
2 0.12031250000000004 0.6837962962962962 0.010416666666666666 0.03981481481481482
2 0.24479166666666663 0.7388888888888889 0.011458333333333333 0.03518518518518519
2 0.10963541666666665 0.6513888888888889 0.013020833333333334 0.05277777777777778
2 0.10364583333333333 0.6796296296296296 0.0125 0.04259259259259259
2 0.4549479166666667 0.7398148148148148 0.009895833333333333 0.037037037037037035
2 0.21510416666666665 0.7162037037037037 0.014583333333333334 0.041666666666666664
2 0.31576041666666665 0.6850648148148148 0.013807291666666667 0.05012037037037037
2 0.37239583333333337 0.7060185185185186 0.009375 0.04722222222222222
2 0.2583333333333333 0.6583333333333333 0.011458333333333333 0.04814814814814815
2 0.38541666666666663 0.7055555555555555 0.0125 0.046296296296296294
3 0.29296875 0.6601851851851852 0.011979166666666667 0.05
2 0.5338541666666667 0.6662037037037036 0.011458333333333333 0.05092592592592592
2 0.5169270833333333 0.6976851851851852 0.008854166666666666 0.04537037037037037
2 0.13046875000000002 0.5680555555555555 0.0140625 0.06759259259259259
2 0.6299479166666666 0.6972222222222222 0.009895833333333333 0.046296296296296294
2 0.42552083333333335 0.5828703703703704 0.016666666666666666 0.05648148148148148
1 0.9028645833333333 0.6768518518518518 0.013020833333333334 0.05185185185185185
2 0.2872395833333333 0.6041666666666667 0.016145833333333335 0.05648148148148148
2 0.72578125 0.5833333333333333 0.019270833333333334 0.05740740740740741
2 0.16197916666666667 0.5074074074074074 0.028125 0.07037037037037037
2 0.19921875 0.5407407407407407 0.022395833333333334 0.06851851851851852
2 0.5799479166666667 0.39675925925925926 0.025520833333333333 0.09722222222222222
0 0.7189375 0.5562407407407408 0.006223958333333333 0.011166666666666667
