2 0.6953703703703704 0.521875 0.044444444444444446 0.008333333333333333
2 0.7157407407407408 0.6018229166666667 0.03888888888888889 0.0078125
2 0.737037037037037 0.57265625 0.037037037037037035 0.0078125
2 0.6935185185185185 0.44973958333333336 0.046296296296296294 0.009895833333333333
0 0.3453703703703703 0.4010416666666667 0.014814814814814815 0.010416666666666666
2 0.7300925925925925 0.3138020833333333 0.03611111111111111 0.008854166666666666
2 0.6638888888888889 0.5111979166666667 0.04814814814814815 0.008854166666666666
2 0.6435185185185186 0.6872395833333333 0.053703703703703705 0.0140625
3 0.6569444444444444 0.5658854166666667 0.049074074074074076 0.009895833333333333
2 0.5453703703703704 0.7583333333333333 0.05185185185185185 0.014583333333333334
2 0.5365740740740741 0.6369791666666667 0.04722222222222222 0.013541666666666667
2 0.6615740740740741 0.6575520833333334 0.05092592592592592 0.016145833333333335
2 0.6092592592592593 0.31328125 0.05925925925925926 0.011979166666666667
1 0.6717592592592593 0.9387291666666666 0.05092592592592592 0.0140625
2 0.475462962962963 0.7940104166666667 0.058333333333333334 0.019270833333333334
2 0.5027777777777778 0.4544270833333333 0.06666666666666667 0.013020833333333334
2 0.5652777777777778 0.58125 0.05648148148148148 0.021875
2 0.6018518518518519 0.3932291666666667 0.05925925925925926 0.019791666666666666
2 0.44074074074074077 0.7263020833333333 0.06851851851851852 0.0171875
2 0.6462962962962964 0.22135416666666666 0.053703703703703705 0.011458333333333333
2 0.49351851851851847 0.1671875 0.07037037037037037 0.017708333333333333
3 0.3296296296296296 0.9545572916666667 0.09444444444444444 0.030729166666666665
2 0.33472222222222225 0.48723958333333334 0.0824074074074074 0.03697916666666667
3 0.76075 0.2686458333333333 0.04125925925925926 0.008744791666666666
2 0.6875 0.6254479166666667 0.0441574074074074 0.012807291666666666
