1 0.8591145833333333 0.6013888888888889 0.0109375 0.03796296296296296
2 0.24348958333333337 0.6106481481481482 0.0109375 0.04351851851851852
0 0.7473958333333333 0.4092592592592592 0.00625 0.009259259259259259
2 0.68125 0.6416666666666666 0.009375 0.037037037037037035
2 0.5611979166666667 0.5833333333333333 0.0109375 0.044444444444444446
2 0.38697916666666665 0.6282407407407408 0.008333333333333333 0.03796296296296296
2 0.16484374999999996 0.5263888888888889 0.013020833333333334 0.05277777777777778
2 0.6361979166666667 0.612037037037037 0.009895833333333333 0.044444444444444446
3 0.43723958333333335 0.5731481481481482 0.009895833333333333 0.04259259259259259
2 0.3213541666666667 0.5601851851851851 0.009375 0.05
2 0.6291666666666667 0.5106481481481482 0.015625 0.05277777777777778
2 0.46614583333333337 0.6134259259259259 0.008333333333333333 0.041666666666666664
2 0.2270833333333333 0.5199074074074075 0.0125 0.05648148148148148
2 0.13541666666666663 0.4652777777777778 0.0125 0.06388888888888888
2 0.5614583333333334 0.4657407407407408 0.016666666666666666 0.05555555555555555
2 0.2822916666666667 0.38657407407407407 0.017708333333333333 0.06944444444444445
2 0.78828125 0.4546296296296296 0.013020833333333334 0.05740740740740741
2 0.1557291666666667 0.5041666666666667 0.015625 0.058333333333333334
2 0.40937500000000004 0.475925925925926 0.011458333333333333 0.06111111111111111
2 0.3778645833333333 0.4097222222222222 0.0109375 0.06944444444444445
2 0.6208333333333333 0.37962962962962965 0.016666666666666666 0.07037037037037037
2 0.6630208333333334 0.3564814814814815 0.015625 0.07037037037037037
3 0.04817708333333337 0.23379629629629628 0.0296875 0.08981481481481482
2 0.47882812500000005 0.683888888888889 0.008984375 0.03062037037037037
3 0.582640625 0.7005092592592592 0.00803125 0.027648148148148147
