2 0.2689814814814815 0.5354166666666667 0.028703703703703703 0.010416666666666666
2 0.28003703703703703 0.347984375 0.03622222222222222 0.008192708333333333
2 0.29583333333333334 0.19218749999999996 0.03981481481481482 0.009375
2 0.30324074074074076 0.20833333333333337 0.04537037037037037 0.0125
2 0.28935185185185186 0.45546875 0.04351851851851852 0.0109375
2 0.2861111111111111 0.49244791666666665 0.040740740740740744 0.008854166666666666
2 0.33240740740740743 0.22552083333333328 0.053703703703703705 0.014583333333333334
1 0.31574074074074077 0.9190104166666666 0.05 0.009895833333333333
2 0.28055555555555556 0.4291666666666667 0.037037037037037035 0.013541666666666667
3 0.3388888888888889 0.4598958333333333 0.05 0.009375
2 0.3296296296296296 0.18046874999999996 0.053703703703703705 0.013020833333333334
2 0.3 0.5424479166666667 0.04814814814814815 0.009895833333333333
2 0.3351851851851852 0.39817708333333335 0.046296296296296294 0.0109375
2 0.29814814814814816 0.628125 0.04259259259259259 0.011458333333333333
2 0.3013888888888889 0.6799479166666667 0.04537037037037037 0.008854166666666666
2 0.3439814814814815 0.42890625000000004 0.05277777777777778 0.0140625
2 0.38842592592592595 0.15104166666666663 0.062037037037037036 0.013541666666666667
2 0.3472222222222222 0.71875 0.05 0.014583333333333334
2 0.4375 0.26875000000000004 0.06388888888888888 0.013541666666666667
2 0.40046296296296297 0.74140625 0.05648148148148148 0.018229166666666668
2 0.3486111111111111 0.5140625 0.05462962962962963 0.010416666666666666
3 0.24505555555555558 0.611828125 0.03723148148148148 0.010890625
0 0.2837314814814815 0.5486458333333333 0.008268518518518519 0.004541666666666667
2 0.27764814814814814 0.34420833333333334 0.036361111111111115 0.008875
