2 0.6157407407407407 0.7997395833333333 0.03888888888888889 0.008854166666666666
2 0.6564814814814814 0.3567708333333333 0.03333333333333333 0.007291666666666667
2 0.6236111111111111 0.38776041666666666 0.03981481481481482 0.011979166666666667
2 0.5509259259259259 0.8286458333333333 0.04814814814814815 0.0125
3 0.5884259259259259 0.5630208333333333 0.04537037037037037 0.009375
2 0.6129629629629629 0.5028645833333333 0.040740740740740744 0.008854166666666666
2 0.6013888888888889 0.6807291666666667 0.041666666666666664 0.008333333333333333
2 0.4882592592592593 0.856375 0.06154629629629629 0.014531249999999999
2 0.6361111111111111 0.5424479166666667 0.03888888888888889 0.0078125
2 0.5527777777777778 0.8046875 0.046296296296296294 0.010416666666666666
2 0.5115740740740741 0.40546875 0.049074074074074076 0.011979166666666667
2 0.6347222222222222 0.6458333333333334 0.03796296296296296 0.007291666666666667
2 0.5277777777777778 0.2046875 0.05185185185185185 0.013541666666666667
2 0.4828703703703704 0.8377604166666667 0.06018518518518518 0.018229166666666668
2 0.5310185185185186 0.6036458333333333 0.05277777777777778 0.013541666666666667
2 0.5648148148148149 0.43203125 0.046296296296296294 0.008854166666666666
2 0.3652777777777778 0.31640625 0.06759259259259259 0.0171875
2 0.4805555555555555 0.3645833333333333 0.05555555555555555 0.019791666666666666
3 0.22916666666666663 0.90703125 0.09351851851851851 0.028645833333333332
2 0.42453703703703705 0.71640625 0.06574074074074074 0.013020833333333334
2 0.45092592592592595 0.63671875 0.06481481481481481 0.008854166666666666
1 0.6171574074074073 0.20163020833333334 0.0428425925925926 0.010661458333333334
0 0.504898148148148 0.208578125 0.009685185185185186 0.005036458333333333
3 0.7030740740740741 0.4355833333333334 0.02752777777777778 0.007072916666666667
2 0.6851388888888889 0.5474947916666667 0.03059259259259259 0.008333333333333333
