2 0.7372685185185186 0.44417708333333333 0.04306481481481481 0.015807291666666667
0 0.37083333333333335 0.26927083333333335 0.013888888888888888 0.010416666666666666
2 0.7305555555555556 0.74296875 0.04259259259259259 0.009895833333333333
2 0.7314814814814814 0.41484375 0.03888888888888889 0.0140625
3 0.624074074074074 0.4613333333333333 0.05925925925925926 0.020588541666666668
2 0.6625 0.340625 0.05092592592592592 0.023958333333333335
2 0.5532407407407407 0.24921875 0.062037037037037036 0.027604166666666666
2 0.674537037037037 0.3880208333333333 0.05462962962962963 0.019791666666666666
2 0.7013888888888888 0.7733958333333334 0.049074074074074076 0.013458333333333333
2 0.6643518518518519 0.6997395833333333 0.05277777777777778 0.009895833333333333
2 0.6111111111111112 0.3765625 0.05185185185185185 0.017708333333333333
2 0.6310185185185185 0.3617708333333333 0.06018518518518518 0.016244791666666668
2 0.7212962962962963 0.7091145833333333 0.046296296296296294 0.0140625
2 0.6851851851851851 0.5291666666666667 0.05 0.014583333333333334
2 0.5064814814814815 0.246875 0.07222222222222222 0.029166666666666667
2 0.5768518518518518 0.5020989583333333 0.06851851851851852 0.01982291666666667
2 0.6106481481481482 0.3921875 0.06018518518518518 0.019791666666666666
2 0.6060185185185185 0.63359375 0.06759259259259259 0.021354166666666667
2 0.6416666666666666 0.2833333333333333 0.05740740740740741 0.020833333333333332
2 0.624074074074074 0.8057291666666667 0.06481481481481481 0.014583333333333334
2 0.5087962962962963 0.5703125 0.06388888888888888 0.013541666666666667
2 0.30787037037037035 0.21979166666666666 0.09537037037037037 0.04583333333333333
3 0.7743703703703704 0.3808802083333333 0.039851851851851854 0.015333333333333334
