2 0.7377604166666667 0.6962962962962963 0.008854166666666666 0.03888888888888889
2 0.44453125000000004 0.6944444444444444 0.009895833333333333 0.03888888888888889
3 0.1068958333333333 0.38687962962962963 0.022130208333333335 0.07975925925925927
2 0.47578125000000004 0.7152777777777778 0.008854166666666666 0.03796296296296296
2 0.3768229166666667 0.6564814814814814 0.009895833333333333 0.04814814814814815
2 0.6028645833333333 0.6523148148148148 0.009895833333333333 0.041666666666666664
2 0.14765625000000004 0.6708333333333334 0.011979166666666667 0.04722222222222222
3 0.5106770833333334 0.6157407407407407 0.009895833333333333 0.05
2 0.5708333333333333 0.6537037037037037 0.010416666666666666 0.046296296296296294
2 0.6869791666666667 0.5263888888888889 0.011458333333333333 0.06574074074074074
2 0.4408854166666667 0.6171296296296296 0.016145833333333335 0.05277777777777778
2 0.5205729166666666 0.500925925925926 0.013020833333333334 0.06666666666666667
2 0.38307291666666665 0.624074074074074 0.011979166666666667 0.053703703703703705
2 0.25546875 0.4805555555555555 0.016145833333333335 0.07037037037037037
2 0.37135416666666665 0.5 0.020833333333333332 0.053703703703703705
2 0.5861979166666667 0.4564814814814815 0.025520833333333333 0.06666666666666667
2 0.8197916666666667 0.6171296296296296 0.011458333333333333 0.05277777777777778
2 0.27369791666666665 0.4726851851851852 0.013020833333333334 0.075
2 0.40703124999999996 0.4907407407407407 0.011979166666666667 0.06851851851851852
2 0.5611979166666667 0.46805555555555556 0.011979166666666667 0.06574074074074074
2 0.3119791666666667 0.5925925925925926 0.014583333333333334 0.05555555555555555
2 0.4419270833333333 0.46111111111111114 0.0203125 0.07037037037037037
2 0.8494791666666667 0.4731481481481481 0.023958333333333335 0.07407407407407407
0 0.36124999999999996 0.7197407407407408 0.007583333333333333 0.012361111111111111
3 0.7861927083333333 0.7412129629629629 0.0077083333333333335 0.03292592592592593
