2 0.24583333333333332 0.45052083333333337 0.032407407407407406 0.009375
2 0.2861111111111111 0.3966145833333333 0.03888888888888889 0.0078125
2 0.2875 0.65234375 0.03981481481481482 0.013020833333333334
2 0.3236111111111111 0.35520833333333335 0.049074074074074076 0.009375
2 0.31712962962962965 0.6020833333333333 0.04722222222222222 0.0125
2 0.33240740740740743 0.5125 0.04814814814814815 0.010416666666666666
3 0.3597222222222222 0.4744791666666667 0.05277777777777778 0.011458333333333333
0 0.625462962962963 0.6377604166666666 0.013888888888888888 0.0078125
2 0.4305555555555556 0.2348958333333333 0.053703703703703705 0.020833333333333332
2 0.5222222222222223 0.4854166666666667 0.05555555555555555 0.013541666666666667
2 0.36342592592592593 0.3309895833333333 0.058333333333333334 0.018229166666666668
2 0.48564814814814816 0.70546875 0.06944444444444445 0.0171875
2 0.38842592592592595 0.42421875 0.062037037037037036 0.0140625
2 0.5430555555555555 0.91328125 0.075 0.0265625
2 0.4824074074074074 0.7158854166666666 0.07222222222222222 0.0140625
2 0.6680555555555555 0.5377604166666667 0.09907407407407408 0.019270833333333334
2 0.4546296296296296 0.42057291666666663 0.05185185185185185 0.0234375
1 0.3300925925925926 0.05208333333333337 0.05092592592592592 0.016666666666666666
2 0.3912037037037037 0.39921874999999996 0.058333333333333334 0.016145833333333335
2 0.3476851851851852 0.815625 0.05462962962962963 0.015625
2 0.5157407407407407 0.2494791666666667 0.06666666666666667 0.023958333333333335
2 0.5365740740740741 0.27578125 0.08055555555555556 0.0203125
3 0.2445 0.7693541666666667 0.040240740740740744 0.010380208333333333
