2 0.4798425925925926 0.5403541666666667 0.05864814814814815 0.03279166666666667
2 0.300462962962963 0.59609375 0.04722222222222222 0.0109375
1 0.3300925925925926 0.99453125 0.05648148148148148 0.0109375
2 0.3351851851851852 0.5236979166666667 0.044444444444444446 0.0140625
2 0.46111111111111114 0.27864583333333337 0.06666666666666667 0.014583333333333334
2 0.41203703703703703 0.4122395833333333 0.06296296296296296 0.013020833333333334
2 0.34444444444444444 0.23281249999999998 0.05740740740740741 0.011458333333333333
3 0.41712962962962963 0.5557291666666666 0.06018518518518518 0.010416666666666666
2 0.45601851851851855 0.51796875 0.06944444444444445 0.0140625
2 0.3509259259259259 0.5078125 0.05 0.017708333333333333
2 0.3675925925925926 0.20494791666666667 0.06296296296296296 0.015104166666666667
2 0.4703703703703704 0.2677083333333333 0.07777777777777778 0.0125
2 0.3773148148148148 0.43359375 0.06018518518518518 0.015104166666666667
2 0.3787037037037037 0.1763020833333333 0.06296296296296296 0.015104166666666667
2 0.3541666666666667 0.76171875 0.058333333333333334 0.015104166666666667
2 0.4861111111111111 0.4984375 0.06296296296296296 0.016666666666666666
2 0.412962962962963 0.646875 0.05 0.021875
2 0.5203703703703704 0.70390625 0.08148148148148149 0.0140625
2 0.42407407407407405 0.8127604166666667 0.06666666666666667 0.016145833333333335
2 0.37962962962962965 0.8950520833333333 0.06296296296296296 0.0203125
2 0.5273148148148148 0.41640625 0.075 0.019270833333333334
0 0.4369074074074074 0.5667135416666667 0.01299074074074074 0.0060260416666666665
2 0.4746759259259259 0.5377708333333333 0.06305555555555555 0.017302083333333333
3 0.21781481481481482 0.6020572916666667 0.03930555555555556 0.011416666666666667
