3 0.6588541666666667 0.7476851851851851 0.010416666666666666 0.04722222222222222
2 0.5520833333333333 0.7337962962962963 0.0125 0.041666666666666664
2 0.15755208333333337 0.6481481481481481 0.008854166666666666 0.05925925925925926
2 0.18906250000000002 0.6763888888888889 0.009375 0.05277777777777778
2 0.29817708333333337 0.6986111111111111 0.009895833333333333 0.04722222222222222
2 0.16041666666666665 0.6861111111111111 0.013541666666666667 0.05
2 0.48463541666666665 0.6939814814814815 0.008854166666666666 0.05092592592592592
2 0.5260416666666667 0.7166666666666667 0.011458333333333333 0.044444444444444446
2 0.6971354166666667 0.7138888888888889 0.0078125 0.05
2 0.1098958333333333 0.42407407407407405 0.01875 0.09259259259259259
2 0.625 0.6587962962962963 0.014583333333333334 0.058333333333333334
2 0.15052083333333333 0.6018518518518519 0.011458333333333333 0.06666666666666667
2 0.26692708333333337 0.6180555555555556 0.016145833333333335 0.06388888888888888
2 0.42708333333333337 0.6824074074074074 0.010416666666666666 0.05185185185185185
2 0.1752604166666667 0.6472222222222221 0.013020833333333334 0.06851851851851852
1 0.9546875 0.6471296296296296 0.015625 0.06111111111111111
2 0.3419270833333333 0.6046296296296296 0.0140625 0.05555555555555555
2 0.6096354166666667 0.625925925925926 0.013020833333333334 0.06111111111111111
3 0.32552083333333337 0.6407407407407407 0.014583333333333334 0.05740740740740741
2 0.6221354166666666 0.5935185185185186 0.013020833333333334 0.06666666666666667
2 0.9078125 0.5819444444444444 0.021875 0.06759259259259259
3 0.017447916666666674 0.05555555555555558 0.0296875 0.10925925925925926
2 0.8158854166666667 0.31527777777777777 0.030729166666666665 0.10462962962962963
2 0.18203124999999998 0.26157407407407407 0.024479166666666666 0.11388888888888889
0 0.5692604166666666 0.7150185185185185 0.0050416666666666665 0.009851851851851853
