2 0.48515624999999996 0.7412037037037037 0.0078125 0.03611111111111111
2 0.47734374999999996 0.7162037037037037 0.0078125 0.03796296296296296
2 0.4218697916666667 0.7285833333333334 0.011171875 0.03912037037037037
2 0.40156250000000004 0.725462962962963 0.010416666666666666 0.03611111111111111
2 0.6251354166666667 0.6986111111111111 0.008609375 0.04351851851851852
2 0.4520833333333333 0.7550925925925926 0.010416666666666666 0.03425925925925926
2 0.6627604166666667 0.7324074074074074 0.008854166666666666 0.03888888888888889
2 0.38255208333333335 0.7013888888888888 0.009895833333333333 0.04537037037037037
2 0.4614583333333333 0.6763888888888889 0.008333333333333333 0.03796296296296296
3 0.446875 0.6962962962962963 0.009375 0.044444444444444446
2 0.61328125 0.674537037037037 0.008854166666666666 0.04537037037037037
2 0.4744791666666667 0.6314814814814815 0.010416666666666666 0.05
2 0.7971354166666667 0.6870370370370371 0.013020833333333334 0.044444444444444446
2 0.6565104166666667 0.637962962962963 0.013020833333333334 0.05
2 0.2989583333333333 0.6828703703703703 0.014583333333333334 0.04722222222222222
1 0.08463541666666663 0.688425925925926 0.0109375 0.04722222222222222
2 0.33203125 0.6625 0.015104166666666667 0.049074074074074076
2 0.09843749999999996 0.4217592592592593 0.013541666666666667 0.08611111111111111
2 0.24527604166666672 0.5501481481481482 0.016739583333333332 0.055268518518518515
2 0.553125 0.4671296296296297 0.015625 0.09166666666666666
2 0.7901041666666666 0.5657407407407408 0.014583333333333334 0.06111111111111111
3 0.7558177083333333 0.7529537037037037 0.011078125 0.034833333333333334
0 0.7269375 0.6934537037037036 0.004744791666666666 0.009574074074074073
2 0.6193802083333333 0.7292962962962963 0.009385416666666667 0.04008333333333333
