2 0.5403541666666667 0.5201574074074073 0.03279166666666667 0.05864814814814815
2 0.59609375 0.6995370370370371 0.0109375 0.04722222222222222
1 0.99453125 0.6699074074074074 0.0109375 0.05648148148148148
2 0.5236979166666667 0.6648148148148147 0.0140625 0.044444444444444446
2 0.27864583333333337 0.5388888888888889 0.014583333333333334 0.06666666666666667
2 0.4122395833333333 0.587962962962963 0.013020833333333334 0.06296296296296296
2 0.23281249999999998 0.6555555555555556 0.011458333333333333 0.05740740740740741
3 0.5557291666666666 0.5828703703703704 0.010416666666666666 0.06018518518518518
2 0.51796875 0.5439814814814814 0.0140625 0.06944444444444445
2 0.5078125 0.6490740740740741 0.017708333333333333 0.05
2 0.20494791666666667 0.6324074074074074 0.015104166666666667 0.06296296296296296
2 0.2677083333333333 0.5296296296296297 0.0125 0.07777777777777778
2 0.43359375 0.6226851851851851 0.015104166666666667 0.06018518518518518
2 0.1763020833333333 0.6212962962962962 0.015104166666666667 0.06296296296296296
2 0.76171875 0.6458333333333333 0.015104166666666667 0.058333333333333334
2 0.4984375 0.5138888888888888 0.016666666666666666 0.06296296296296296
2 0.646875 0.587037037037037 0.021875 0.05
2 0.70390625 0.47962962962962963 0.0140625 0.08148148148148149
2 0.8127604166666667 0.575925925925926 0.016145833333333335 0.06666666666666667
2 0.8950520833333333 0.6203703703703703 0.0203125 0.06296296296296296
2 0.41640625 0.4726851851851852 0.019270833333333334 0.075
0 0.5667135416666667 0.5630925925925926 0.0060260416666666665 0.01299074074074074
2 0.5377708333333333 0.5253240740740741 0.017302083333333333 0.06305555555555555
3 0.6020572916666667 0.7821851851851852 0.011416666666666667 0.03930555555555556
