3 0.7711203703703704 0.44040625 0.034833333333333334 0.007901041666666667
2 0.6837962962962962 0.8796875 0.03981481481481482 0.010416666666666666
2 0.7388888888888889 0.7552083333333334 0.03518518518518519 0.011458333333333333
2 0.6513888888888889 0.8903645833333333 0.05277777777777778 0.013020833333333334
2 0.6796296296296296 0.8963541666666667 0.04259259259259259 0.0125
2 0.7398148148148148 0.5450520833333333 0.037037037037037035 0.009895833333333333
2 0.7162037037037037 0.7848958333333333 0.041666666666666664 0.014583333333333334
2 0.6850648148148148 0.6842395833333333 0.05012037037037037 0.013807291666666667
2 0.7060185185185186 0.6276041666666666 0.04722222222222222 0.009375
2 0.6583333333333333 0.7416666666666667 0.04814814814814815 0.011458333333333333
2 0.7055555555555555 0.6145833333333334 0.046296296296296294 0.0125
3 0.6601851851851852 0.70703125 0.05 0.011979166666666667
2 0.6662037037037036 0.4661458333333333 0.05092592592592592 0.011458333333333333
2 0.6976851851851852 0.4830729166666667 0.04537037037037037 0.008854166666666666
2 0.5680555555555555 0.86953125 0.06759259259259259 0.0140625
2 0.6972222222222222 0.37005208333333334 0.046296296296296294 0.009895833333333333
2 0.5828703703703704 0.5744791666666667 0.05648148148148148 0.016666666666666666
1 0.6768518518518518 0.09713541666666667 0.05185185185185185 0.013020833333333334
2 0.6041666666666667 0.7127604166666667 0.05648148148148148 0.016145833333333335
2 0.5833333333333333 0.27421875 0.05740740740740741 0.019270833333333334
2 0.5074074074074074 0.8380208333333333 0.07037037037037037 0.028125
2 0.5407407407407407 0.80078125 0.06851851851851852 0.022395833333333334
2 0.39675925925925926 0.4200520833333333 0.09722222222222222 0.025520833333333333
0 0.5562407407407408 0.2810625 0.011166666666666667 0.006223958333333333
