2 0.31666666666666665 0.7041666666666666 0.009375 0.03981481481481482
2 0.3293125 0.6881296296296296 0.015921875 0.04225
3 0.35520833333333335 0.6777777777777778 0.007291666666666667 0.04814814814814815
2 0.29374999999999996 0.6819444444444445 0.013541666666666667 0.04351851851851852
2 0.23020833333333335 0.6481481481481481 0.014583333333333334 0.05
2 0.3734375 0.6671296296296296 0.010416666666666666 0.049074074074074076
2 0.41640625 0.7087962962962964 0.013020833333333334 0.04351851851851852
2 0.2791666666666667 0.6560185185185186 0.0125 0.049074074074074076
2 0.65703125 0.6462962962962964 0.009895833333333333 0.05185185185185185
2 0.3380208333333333 0.6375 0.015625 0.05092592592592592
2 0.5377604166666667 0.7041666666666666 0.0078125 0.041666666666666664
2 0.5075520833333333 0.6601851851851852 0.008854166666666666 0.04814814814814815
2 0.21640625000000002 0.6314814814814815 0.016145833333333335 0.046296296296296294
2 0.3950520833333333 0.5736111111111111 0.015104166666666667 0.06018518518518518
2 0.7588541666666666 0.6064814814814814 0.016666666666666666 0.05925925925925926
2 0.5731770833333334 0.2310185185185185 0.024479166666666666 0.10277777777777777
2 0.7450520833333334 0.561574074074074 0.0140625 0.062037037037037036
2 0.7091145833333333 0.5351851851851852 0.021354166666666667 0.06296296296296296
2 0.6114583333333333 0.2226851851851852 0.022916666666666665 0.10648148148148148
2 0.37916666666666665 0.46064814814814814 0.026041666666666668 0.07314814814814814
2 0.234375 0.5305555555555556 0.017708333333333333 0.06296296296296296
2 0.17369791666666667 0.6092592592592593 0.0171875 0.053703703703703705
3 0.701515625 0.7404629629629629 0.011052083333333332 0.03746296296296296
2 0.3921822916666666 0.7469074074074074 0.009953125 0.03987962962962963
0 0.28318750000000004 0.6378703703703703 0.004796875000000001 0.010842592592592593
