2 0.2847222222222222 0.44765625 0.03981481481481482 0.0109375
3 0.3212962962962963 0.41280729166666663 0.046296296296296294 0.013020833333333334
2 0.2972222222222222 0.2557291666666667 0.03888888888888889 0.0125
2 0.26435185185185184 0.37083333333333335 0.032407407407407406 0.011458333333333333
2 0.27546296296296297 0.5661458333333333 0.03981481481481482 0.008333333333333333
2 0.3282407407407407 0.3526041666666667 0.03981481481481482 0.008333333333333333
2 0.2564814814814815 0.534375 0.03518518518518519 0.009375
2 0.3013888888888889 0.3153645833333333 0.041666666666666664 0.009895833333333333
2 0.3013888888888889 0.5611979166666667 0.03796296296296296 0.0140625
2 0.2722222222222222 0.4994791666666667 0.037037037037037035 0.011458333333333333
2 0.2796296296296296 0.4794270833333333 0.040740740740740744 0.009895833333333333
2 0.30925925925925923 0.21666666666666667 0.04814814814814815 0.015625
1 0.30185185185185187 0.8776041666666666 0.044444444444444446 0.010416666666666666
3 0.8291666666666667 0.008072916666666652 0.09907407407407408 0.016145833333333335
2 0.31342592592592594 0.18489583333333337 0.049074074074074076 0.011458333333333333
2 0.2916666666666667 0.7270833333333333 0.044444444444444446 0.010416666666666666
2 0.3587962962962963 0.17942708333333335 0.05092592592592592 0.011979166666666667
2 0.35324074074074074 0.48177083333333337 0.05277777777777778 0.008333333333333333
2 0.350462962962963 0.7315104166666666 0.05092592592592592 0.013020833333333334
2 0.3768518518518518 0.40755208333333337 0.05740740740740741 0.0140625
2 0.3976851851851852 0.3497395833333333 0.049074074074074076 0.015104166666666667
2 0.45231481481481484 0.6760416666666667 0.06574074074074074 0.013541666666666667
3 0.23588888888888887 0.63496875 0.0362037037037037 0.009369791666666665
0 0.31696296296296295 0.5661510416666666 0.012046296296296296 0.0056875
2 0.2708611111111111 0.3533697916666667 0.03952777777777777 0.010453125
