2 0.7310185185185185 0.46458333333333335 0.028703703703703703 0.010416666666666666
2 0.7199629629629629 0.652015625 0.03622222222222222 0.008192708333333333
2 0.7041666666666666 0.8078125 0.03981481481481482 0.009375
2 0.6967592592592593 0.7916666666666666 0.04537037037037037 0.0125
2 0.7106481481481481 0.54453125 0.04351851851851852 0.0109375
2 0.7138888888888889 0.5075520833333333 0.040740740740740744 0.008854166666666666
2 0.6675925925925925 0.7744791666666667 0.053703703703703705 0.014583333333333334
1 0.6842592592592592 0.08098958333333339 0.05 0.009895833333333333
2 0.7194444444444444 0.5708333333333333 0.037037037037037035 0.013541666666666667
3 0.6611111111111111 0.5401041666666667 0.05 0.009375
2 0.6703703703703704 0.81953125 0.053703703703703705 0.013020833333333334
2 0.7 0.4575520833333333 0.04814814814814815 0.009895833333333333
2 0.6648148148148147 0.6018229166666667 0.046296296296296294 0.0109375
2 0.7018518518518518 0.37187499999999996 0.04259259259259259 0.011458333333333333
2 0.6986111111111111 0.32005208333333335 0.04537037037037037 0.008854166666666666
2 0.6560185185185186 0.57109375 0.05277777777777778 0.0140625
2 0.611574074074074 0.8489583333333334 0.062037037037037036 0.013541666666666667
2 0.6527777777777778 0.28125 0.05 0.014583333333333334
2 0.5625 0.73125 0.06388888888888888 0.013541666666666667
2 0.599537037037037 0.25859374999999996 0.05648148148148148 0.018229166666666668
2 0.6513888888888889 0.4859375 0.05462962962962963 0.010416666666666666
3 0.7549444444444444 0.38817187500000006 0.03723148148148148 0.010890625
0 0.7162685185185185 0.4513541666666667 0.008268518518518519 0.004541666666666667
2 0.7223518518518519 0.6557916666666667 0.036361111111111115 0.008875
