2 0.5069444444444444 0.7518229166666667 0.04722222222222222 0.0109375
2 0.6569444444444444 0.6388020833333333 0.03796296296296296 0.015104166666666667
2 0.6370370370370371 0.525 0.03518518518518519 0.017708333333333333
3 0.5222222222222221 0.5400729166666667 0.053703703703703705 0.020765625
2 0.5898148148148148 0.43515625 0.044444444444444446 0.015104166666666667
2 0.5898148148148148 0.8372395833333334 0.04814814814814815 0.016145833333333335
2 0.4800925925925926 0.7643229166666666 0.058333333333333334 0.022395833333333334
2 0.5912037037037037 0.49296874999999996 0.041666666666666664 0.018229166666666668
2 0.5328703703703703 0.8705729166666667 0.04537037037037037 0.018229166666666668
2 0.5365740740740741 0.60234375 0.049074074074074076 0.011979166666666667
2 0.5263888888888889 0.4364583333333334 0.049074074074074076 0.01875
2 0.5319444444444444 0.7794270833333333 0.058333333333333334 0.016145833333333335
2 0.41574074074074074 0.38359374999999996 0.06296296296296296 0.016145833333333335
2 0.41574074074074074 0.5708333333333333 0.06666666666666667 0.016666666666666666
2 0.28240740740740744 0.6729166666666667 0.07777777777777778 0.016666666666666666
2 0.37731481481481477 0.3315104166666667 0.06944444444444445 0.021354166666666667
2 0.5592592592592592 0.21015625000000004 0.053703703703703705 0.0140625
2 0.3217592592592593 0.8325520833333333 0.0712962962962963 0.0203125
2 0.5101851851851852 0.3080729166666667 0.05555555555555555 0.0234375
2 0.4550925925925926 0.1713541666666667 0.062037037037037036 0.019791666666666666
2 0.27037037037037037 0.23359375000000004 0.07407407407407407 0.025520833333333333
0 0.6242407407407408 0.4945677083333333 0.009305555555555556 0.004385416666666667
3 0.66325 0.2968229166666667 0.03943518518518519 0.014171875
