2 0.3568518518518518 0.6680416666666666 0.04148148148148148 0.013911458333333333
3 0.9712962962962963 0.08196875000000003 0.05740740740740741 0.03036458333333333
2 0.4777777777777778 0.7877604166666666 0.05555555555555555 0.013020833333333334
2 0.38935185185185184 0.6184895833333333 0.041666666666666664 0.0140625
1 0.44305555555555554 0.9604166666666667 0.049074074074074076 0.014583333333333334
3 0.465037037037037 0.60634375 0.054037037037037036 0.016473958333333334
2 0.388712962962963 0.655484375 0.03738888888888889 0.015072916666666667
2 0.46620370370370373 0.7559895833333333 0.05092592592592592 0.022395833333333334
2 0.3851851851851852 0.3911458333333333 0.044444444444444446 0.010416666666666666
2 0.49166666666666664 0.32005208333333335 0.05185185185185185 0.011979166666666667
2 0.4837962962962963 0.7981770833333334 0.05277777777777778 0.011979166666666667
2 0.6212962962962963 0.27994791666666663 0.06296296296296296 0.0234375
2 0.4412037037037037 0.45833333333333337 0.049074074074074076 0.010416666666666666
2 0.43842592592592594 0.15520833333333328 0.049074074074074076 0.0125
2 0.4101851851851852 0.7598958333333333 0.046296296296296294 0.014583333333333334
2 0.42083333333333334 0.67265625 0.04351851851851852 0.019270833333333334
2 0.425 0.21067708333333335 0.05185185185185185 0.018229166666666668
2 0.5356481481481481 0.4770833333333333 0.062037037037037036 0.014583333333333334
2 0.48657407407407405 0.18437499999999996 0.062037037037037036 0.015625
2 0.6180555555555556 0.35390625 0.06759259259259259 0.0203125
2 0.46944444444444444 0.8213541666666666 0.05555555555555555 0.01875
2 0.5236111111111111 0.24869791666666663 0.06388888888888888 0.0171875
2 0.5013888888888889 0.6544270833333333 0.05462962962962963 0.0203125
3 0.32835185185185184 0.62453125 0.039074074074074074 0.0125
0 0.39125925925925925 0.6755052083333333 0.00873148148148148 0.004572916666666666
