2 0.3398148148148148 0.6083333333333333 0.022222222222222223 0.016666666666666666
2 0.5587037037037037 0.45571875 0.04 0.0073124999999999996
2 0.6008888888888888 0.38775 0.02546296296296296 0.008901041666666666
2 0.5638333333333334 0.4499791666666667 0.027666666666666666 0.007333333333333333
2 0.3384259259259259 0.60234375 0.025 0.0171875
3 0.6111203703703704 0.344203125 0.033879629629629635 0.007197916666666667
3 0.10879629629629628 0.8177083333333334 0.06944444444444445 0.013541666666666667
2 0.5972222222222222 0.39453125 0.03148148148148148 0.0078125
2 0.5779444444444444 0.4596822916666667 0.03671296296296296 0.011885416666666667
2 0.5875 0.5768229166666666 0.030555555555555555 0.0109375
2 0.5828703703703704 0.59296875 0.030555555555555555 0.011979166666666667
2 0.5509259259259259 0.38046875 0.03888888888888889 0.011979166666666667
3 0.5217592592592593 0.46927083333333336 0.04351851851851852 0.008333333333333333
2 0.30046296296296293 0.5989583333333334 0.06388888888888888 0.016666666666666666
1 0.5092592592592593 0.009114583333333334 0.044444444444444446 0.009895833333333333
2 0.5398148148148147 0.7111979166666667 0.044444444444444446 0.009895833333333333
2 0.5740740740740741 0.2752604166666667 0.037037037037037035 0.0109375
2 0.5569444444444445 0.47942708333333334 0.03796296296296296 0.008854166666666666
2 0.5069444444444444 0.2674479166666667 0.04537037037037037 0.009895833333333333
2 0.5064814814814815 0.5802083333333333 0.044444444444444446 0.009375
2 0.41666666666666663 0.5643229166666667 0.05 0.016145833333333335
2 0.49537037037037035 0.74609375 0.046296296296296294 0.0109375
2 0.4902777777777778 0.4510416666666667 0.04537037037037037 0.0125
2 0.49583333333333335 0.76484375 0.04722222222222222 0.013020833333333334
2 0.4708333333333333 0.28125 0.04722222222222222 0.0125
