2 0.38935185185185184 0.3104166666666667 0.032407407407407406 0.008333333333333333
2 0.4527777777777778 0.32734375000000004 0.046296296296296294 0.008854166666666666
1 0.4237222222222222 0.2068385416666667 0.05277777777777778 0.014583333333333334
2 0.5569444444444445 0.44505208333333335 0.058333333333333334 0.022395833333333334
2 0.6078703703703704 0.44140625 0.05277777777777778 0.0234375
2 0.4166666666666667 0.3052083333333333 0.05185185185185185 0.0125
2 0.6099166666666667 0.26241145833333335 0.0661388888888889 0.015796875
2 0.46944444444444444 0.5005208333333333 0.05555555555555555 0.014583333333333334
2 0.45601851851851855 0.3453125 0.049074074074074076 0.014583333333333334
2 0.42083333333333334 0.4135416666666667 0.04722222222222222 0.014583333333333334
2 0.6231481481481481 0.40703124999999996 0.06851851851851852 0.015104166666666667
2 0.6180555555555556 0.18229166666666663 0.06574074074074074 0.01875
2 0.5033888888888889 0.3231770833333333 0.0628888888888889 0.015104166666666667
2 0.7342592592592593 0.7028645833333333 0.07037037037037037 0.0265625
3 0.5254629629629629 0.4942708333333333 0.062037037037037036 0.015625
2 0.649537037037037 0.42161458333333335 0.07685185185185185 0.0171875
2 0.6087962962962963 0.24192708333333335 0.062037037037037036 0.015104166666666667
2 0.5032407407407408 0.16249999999999998 0.062037037037037036 0.013541666666666667
2 0.7069444444444445 0.7169270833333333 0.07314814814814814 0.0203125
2 0.4699074074074074 0.7088541666666667 0.06018518518518518 0.014583333333333334
2 0.6361111111111111 0.5208333333333333 0.07592592592592592 0.017708333333333333
2 0.6106481481481482 0.8674479166666667 0.07314814814814814 0.0265625
0 0.6255740740740741 0.43581770833333333 0.010944444444444444 0.005854166666666666
3 0.3337685185185185 0.9792239583333333 0.04204629629629629 0.013057291666666667
