2 0.5611111111111111 0.46380208333333334 0.040740740740740744 0.019270833333333334
2 0.497212962962963 0.5426302083333333 0.05648148148148148 0.015510416666666667
3 0.4722222222222222 0.60625 0.053703703703703705 0.019791666666666666
2 0.500925925925926 0.3697916666666667 0.05185185185185185 0.013541666666666667
2 0.6050925925925925 0.57265625 0.04351851851851852 0.011979166666666667
2 0.5416666666666667 0.5268229166666667 0.05 0.0109375
2 0.5314814814814814 0.45703125 0.04814814814814815 0.013020833333333334
1 0.5300925925925926 0.16432291666666668 0.04537037037037037 0.0265625
2 0.5745370370370371 0.5640625 0.05277777777777778 0.009375
2 0.48657407407407405 0.5927083333333333 0.058333333333333334 0.016666666666666666
2 0.5185185185185186 0.42578125 0.053703703703703705 0.0265625
2 0.5796296296296296 0.6690104166666667 0.04814814814814815 0.0109375
2 0.46805555555555556 0.3697916666666667 0.05462962962962963 0.01875
2 0.5041666666666667 0.48072916666666665 0.058333333333333334 0.016666666666666666
2 0.4106481481481481 0.30520833333333336 0.062037037037037036 0.016666666666666666
2 0.46064814814814814 0.8731770833333333 0.06388888888888888 0.015104166666666667
2 0.41666666666666663 0.80390625 0.07037037037037037 0.013020833333333334
2 0.44398148148148153 0.5234375 0.06388888888888888 0.013541666666666667
2 0.4722222222222222 0.6559895833333333 0.06111111111111111 0.0171875
2 0.36388888888888893 0.296875 0.07037037037037037 0.015625
2 0.375 0.7177083333333333 0.07222222222222222 0.014583333333333334
2 0.5085092592592593 0.5354010416666667 0.05958333333333333 0.011552083333333333
3 0.6459074074074074 0.585125 0.036175925925925924 0.0155625
0 0.579574074074074 0.42649479166666665 0.012648148148148148 0.007364583333333333
