2 0.3520833333333333 0.5518518518518518 0.008333333333333333 0.037037037037037035
2 0.3338541666666667 0.5851851851851853 0.008333333333333333 0.03888888888888889
2 0.5419270833333334 0.6023148148148147 0.008854166666666666 0.03796296296296296
2 0.3453125 0.5523148148148148 0.008333333333333333 0.04351851851851852
3 0.06498958333333327 0.1300648148148148 0.024770833333333336 0.08801851851851852
2 0.5315104166666667 0.5305555555555556 0.013020833333333334 0.040740740740740744
2 0.5265625 0.600462962962963 0.008333333333333333 0.03611111111111111
2 0.48697916666666663 0.5638888888888889 0.013541666666666667 0.03888888888888889
2 0.29036458333333337 0.5782407407407407 0.0109375 0.041666666666666664
2 0.68671875 0.6069444444444445 0.011979166666666667 0.03611111111111111
3 0.4502604166666667 0.5259259259259259 0.008854166666666666 0.04814814814814815
1 0.9203125 0.5842592592592593 0.008333333333333333 0.037037037037037035
2 0.6247395833333333 0.4662037037037037 0.011979166666666667 0.05092592592592592
2 0.38307291666666665 0.5171296296296296 0.009895833333333333 0.04537037037037037
2 0.7091145833333333 0.5662037037037038 0.008854166666666666 0.03981481481481482
2 0.46223958333333337 0.4921296296296296 0.009895833333333333 0.04722222222222222
2 0.21562499999999996 0.5092592592592593 0.013541666666666667 0.05
2 0.7057291666666667 0.5013888888888889 0.011458333333333333 0.049074074074074076
2 0.49765625 0.5504629629629629 0.016145833333333335 0.03796296296296296
2 0.31510416666666663 0.3560185185185185 0.010416666666666666 0.05648148148148148
2 0.34505208333333337 0.42453703703703705 0.0109375 0.05277777777777778
2 0.24791666666666667 0.4902777777777778 0.011458333333333333 0.04351851851851852
2 0.2505208333333333 0.2953703703703704 0.015625 0.06481481481481481
3 0.6566562499999999 0.6323240740740741 0.010020833333333333 0.03088888888888889
