0 0.40555555555555556 0.8106770833333333 0.011111111111111112 0.005729166666666666
3 0.29049074074074077 0.9910625 0.06873148148148149 0.01788020833333333
2 0.43287037037037035 0.7796875 0.026851851851851852 0.025
1 0.5699074074074074 0.8315104166666667 0.041666666666666664 0.018229166666666668
2 0.513425925925926 0.65859375 0.04537037037037037 0.0140625
2 0.41666666666666663 0.8364583333333333 0.04259259259259259 0.016666666666666666
2 0.475 0.8028645833333333 0.05185185185185185 0.015104166666666667
2 0.4472222222222222 0.7434895833333334 0.046296296296296294 0.013020833333333334
2 0.5319444444444444 0.5268229166666667 0.04722222222222222 0.009895833333333333
3 0.49537037037037035 0.5950520833333334 0.05 0.0078125
2 0.5800925925925926 0.6627604166666666 0.04351851851851852 0.013020833333333334
2 0.42546296296296293 0.8520833333333333 0.05277777777777778 0.013541666666666667
2 0.5787037037037037 0.33307291666666666 0.04259259259259259 0.011979166666666667
2 0.5314814814814814 0.7174479166666666 0.04814814814814815 0.011979166666666667
2 0.45231481481481484 0.6989583333333333 0.049074074074074076 0.0125
2 0.461574074074074 0.5583333333333333 0.05648148148148148 0.009375
2 0.587037037037037 0.6015625 0.040740740740740744 0.013541666666666667
2 0.39768518518518514 0.6348958333333333 0.062037037037037036 0.010416666666666666
2 0.3453703703703703 0.58046875 0.06666666666666667 0.013020833333333334
2 0.38749999999999996 0.7778645833333333 0.06018518518518518 0.013020833333333334
2 0.4388888888888889 0.48671875 0.06111111111111111 0.0109375
2 0.3574074074074074 0.35572916666666665 0.06851851851851852 0.015625
2 0.3675925925925926 0.32578125 0.06111111111111111 0.018229166666666668
2 0.45833333333333337 0.15625 0.05555555555555555 0.011458333333333333
3 0.6543611111111112 0.144984375 0.03676851851851852 0.008911458333333334
