0 0.5462962962962963 0.18958333333333333 0.011111111111111112 0.005208333333333333
2 0.40046296296296297 0.38359374999999996 0.032407407407407406 0.0067708333333333336
2 0.4356481481481482 0.45729166666666665 0.03425925925925926 0.008333333333333333
2 0.4412037037037037 0.546875 0.03796296296296296 0.009375
2 0.6518518518518519 0.4408854166666667 0.04814814814814815 0.013020833333333334
3 0.4996203703703704 0.5336406250000001 0.04351851851851852 0.0067708333333333336
2 0.46944444444444444 0.7278645833333333 0.03888888888888889 0.013020833333333334
2 0.4634259259259259 0.24401041666666667 0.041666666666666664 0.0109375
1 0.49953703703703706 0.034375000000000044 0.04722222222222222 0.008333333333333333
2 0.43796296296296294 0.61875 0.037037037037037035 0.008333333333333333
2 0.4685185185185185 0.4239583333333333 0.03888888888888889 0.007291666666666667
2 0.5314814814814814 0.8190104166666666 0.046296296296296294 0.0140625
2 0.5097222222222222 0.20104166666666667 0.04537037037037037 0.013541666666666667
2 0.47453703703703703 0.6802083333333333 0.041666666666666664 0.009375
2 0.5680555555555555 0.30104166666666665 0.03981481481481482 0.019791666666666666
2 0.5074074074074074 0.3109375 0.044444444444444446 0.009375
2 0.7759259259259259 0.7619791666666667 0.06851851851851852 0.015625
2 0.6231481481481481 0.73671875 0.053703703703703705 0.011979166666666667
2 0.5157407407407407 0.34843749999999996 0.044444444444444446 0.009375
2 0.5879629629629629 0.5536458333333334 0.05 0.009375
2 0.562037037037037 0.14557291666666672 0.05 0.009895833333333333
2 0.5138888888888888 0.6247395833333333 0.046296296296296294 0.0140625
2 0.5416666666666666 0.7192708333333333 0.05 0.007291666666666667
3 0.389212962962963 0.65759375 0.034305555555555554 0.008697916666666666
