2 0.425 0.3145833333333333 0.037037037037037035 0.017708333333333333
1 0.44722222222222224 0.21666666666666667 0.03333333333333333 0.016666666666666666
2 0.4222222222222222 0.32890624999999996 0.044444444444444446 0.0109375
2 0.4587962962962963 0.31718749999999996 0.041666666666666664 0.017708333333333333
2 0.41898148148148145 0.4473958333333333 0.04351851851851852 0.0125
2 0.45555555555555555 0.27031249999999996 0.044444444444444446 0.019791666666666666
2 0.525 0.10755208333333333 0.044444444444444446 0.015104166666666667
2 0.45 0.45390624999999996 0.046296296296296294 0.016145833333333335
3 0.47129629629629627 0.4776041666666667 0.05555555555555555 0.009375
2 0.5013888888888889 0.14765625000000004 0.049074074074074076 0.011979166666666667
2 0.42685185185185187 0.39973958333333337 0.040740740740740744 0.009895833333333333
2 0.4685185185185185 0.34114583333333337 0.04814814814814815 0.020833333333333332
2 0.5018518518518519 0.26536458333333335 0.05740740740740741 0.0109375
2 0.512962962962963 0.3671875 0.05740740740740741 0.013541666666666667
2 0.43194444444444446 0.6015625 0.05277777777777778 0.013541666666666667
2 0.5365740740740741 0.15911458333333328 0.05462962962962963 0.015104166666666667
2 0.5856481481481481 0.3731770833333333 0.062037037037037036 0.016145833333333335
2 0.4861111111111111 0.8411458333333334 0.05925925925925926 0.010416666666666666
2 0.5583333333333333 0.29296875 0.07037037037037037 0.011979166666666667
2 0.611574074074074 0.8015625 0.0712962962962963 0.015625
2 0.5592592592592592 0.7385416666666667 0.06296296296296296 0.0125
2 0.6143518518518518 0.5096354166666667 0.07314814814814814 0.0171875
0 0.5414814814814815 0.10222395833333331 0.014657407407407407 0.007052083333333333
