1 0.1333749999999999 0.5790185185185185 0.025416666666666664 0.06174074074074075
2 0.3661458333333333 0.5944444444444444 0.015625 0.04814814814814815
2 0.3520833333333333 0.5958333333333333 0.0125 0.05277777777777778
2 0.31328124999999996 0.5518518518518518 0.0140625 0.05925925925925926
2 0.33046875 0.5712962962962963 0.0109375 0.04814814814814815
3 0.49609375 0.49398148148148147 0.015104166666666667 0.058333333333333334
2 0.41276041666666663 0.3564814814814815 0.021354166666666667 0.06481481481481481
2 0.3734375 0.5120370370370371 0.011458333333333333 0.05740740740740741
2 0.4536458333333333 0.3597222222222223 0.017708333333333333 0.06944444444444445
2 0.6890625 0.5699074074074074 0.0125 0.05277777777777778
2 0.4653645833333333 0.5226851851851853 0.0109375 0.058333333333333334
2 0.3377604166666667 0.4833333333333333 0.013020833333333334 0.06296296296296296
2 0.2635416666666667 0.3768518518518519 0.016666666666666666 0.06666666666666667
2 0.25260416666666663 0.4722222222222222 0.015625 0.05555555555555555
2 0.39817708333333335 0.4393518518518519 0.0140625 0.062037037037037036
2 0.8484375 0.4277777777777778 0.0125 0.06851851851851852
2 0.30000000000000004 0.41388888888888886 0.019791666666666666 0.06481481481481481
2 0.6481770833333333 0.3583333333333333 0.011979166666666667 0.07777777777777778
2 0.8356770833333333 0.3828703703703704 0.013020833333333334 0.06574074074074074
2 0.5028645833333334 0.4458333333333333 0.018229166666666668 0.06574074074074074
2 0.3588541666666667 0.30833333333333335 0.016666666666666666 0.07777777777777778
2 0.9533854166666667 0.3282407407407407 0.0265625 0.08611111111111111
0 0.44776041666666666 0.33790740740740743 0.008317708333333333 0.011046296296296295
3 0.914671875 0.672574074074074 0.011854166666666667 0.044833333333333336
