2 0.6680416666666666 0.6431481481481482 0.013911458333333333 0.04148148148148148
3 0.08196875000000003 0.028703703703703676 0.03036458333333333 0.05740740740740741
2 0.7877604166666666 0.5222222222222221 0.013020833333333334 0.05555555555555555
2 0.6184895833333333 0.6106481481481482 0.0140625 0.041666666666666664
1 0.9604166666666667 0.5569444444444445 0.014583333333333334 0.049074074074074076
3 0.60634375 0.534962962962963 0.016473958333333334 0.054037037037037036
2 0.655484375 0.611287037037037 0.015072916666666667 0.03738888888888889
2 0.7559895833333333 0.5337962962962963 0.022395833333333334 0.05092592592592592
2 0.3911458333333333 0.6148148148148148 0.010416666666666666 0.044444444444444446
2 0.32005208333333335 0.5083333333333333 0.011979166666666667 0.05185185185185185
2 0.7981770833333334 0.5162037037037037 0.011979166666666667 0.05277777777777778
2 0.27994791666666663 0.37870370370370365 0.0234375 0.06296296296296296
2 0.45833333333333337 0.5587962962962962 0.010416666666666666 0.049074074074074076
2 0.15520833333333328 0.561574074074074 0.0125 0.049074074074074076
2 0.7598958333333333 0.5898148148148148 0.014583333333333334 0.046296296296296294
2 0.67265625 0.5791666666666666 0.019270833333333334 0.04351851851851852
2 0.21067708333333335 0.575 0.018229166666666668 0.05185185185185185
2 0.4770833333333333 0.4643518518518519 0.014583333333333334 0.062037037037037036
2 0.18437499999999996 0.513425925925926 0.015625 0.062037037037037036
2 0.35390625 0.3819444444444444 0.0203125 0.06759259259259259
2 0.8213541666666666 0.5305555555555556 0.01875 0.05555555555555555
2 0.24869791666666663 0.47638888888888886 0.0171875 0.06388888888888888
2 0.6544270833333333 0.4986111111111111 0.0203125 0.05462962962962963
3 0.62453125 0.6716481481481482 0.0125 0.039074074074074074
0 0.6755052083333333 0.6087407407407408 0.004572916666666666 0.00873148148148148
