2 0.36435185185185187 0.5908854166666666 0.03425925925925926 0.008854166666666666
2 0.36236111111111113 0.63203125 0.03836111111111111 0.013020833333333334
2 0.42777777777777776 0.19661458333333337 0.05 0.011979166666666667
2 0.3902777777777778 0.6127604166666667 0.04351851851851852 0.008854166666666666
2 0.3675925925925926 0.35859375000000004 0.040740740740740744 0.015104166666666667
2 0.45601851851851855 0.14166666666666672 0.05092592592592592 0.0125
2 0.45231481481481484 0.4145833333333333 0.049074074074074076 0.009375
2 0.6532407407407408 0.21640625000000002 0.06759259259259259 0.018229166666666668
2 0.47824074074074074 0.21510416666666665 0.058333333333333334 0.011458333333333333
2 0.5013888888888889 0.29296875 0.05277777777777778 0.015104166666666667
3 0.48009259259259257 0.5541666666666667 0.05277777777777778 0.013541666666666667
2 0.5287037037037037 0.2611979166666667 0.06111111111111111 0.016145833333333335
2 0.425462962962963 0.7809895833333333 0.049074074074074076 0.015104166666666667
2 0.5013888888888889 0.7627604166666666 0.058333333333333334 0.022395833333333334
2 0.5791666666666667 0.8200520833333333 0.06018518518518518 0.0171875
2 0.5708333333333333 0.43828124999999996 0.06388888888888888 0.015104166666666667
2 0.44907407407407407 0.634375 0.05185185185185185 0.016666666666666666
2 0.6671296296296296 0.3192708333333333 0.075 0.019791666666666666
2 0.5638888888888889 0.75234375 0.06296296296296296 0.018229166666666668
2 0.5 0.8140625 0.05925925925925926 0.020833333333333332
2 0.5592592592592592 0.64453125 0.06296296296296296 0.019270833333333334
3 0.33689814814814817 0.6854791666666666 0.036787037037037035 0.010270833333333333
0 0.3791759259259259 0.6027604166666667 0.008472222222222223 0.004234375
