2 0.24817708333333333 0.5069444444444444 0.0109375 0.04722222222222222
2 0.3611979166666667 0.6569444444444444 0.015104166666666667 0.03796296296296296
2 0.475 0.6370370370370371 0.017708333333333333 0.03518518518518519
3 0.4599270833333333 0.5222222222222221 0.020765625 0.053703703703703705
2 0.56484375 0.5898148148148148 0.015104166666666667 0.044444444444444446
2 0.16276041666666663 0.5898148148148148 0.016145833333333335 0.04814814814814815
2 0.23567708333333337 0.4800925925925926 0.022395833333333334 0.058333333333333334
2 0.50703125 0.5912037037037037 0.018229166666666668 0.041666666666666664
2 0.1294270833333333 0.5328703703703703 0.018229166666666668 0.04537037037037037
2 0.39765625000000004 0.5365740740740741 0.011979166666666667 0.049074074074074076
2 0.5635416666666666 0.5263888888888889 0.01875 0.049074074074074076
2 0.22057291666666667 0.5319444444444444 0.016145833333333335 0.058333333333333334
2 0.61640625 0.41574074074074074 0.016145833333333335 0.06296296296296296
2 0.4291666666666667 0.41574074074074074 0.016666666666666666 0.06666666666666667
2 0.3270833333333333 0.28240740740740744 0.016666666666666666 0.07777777777777778
2 0.6684895833333333 0.37731481481481477 0.021354166666666667 0.06944444444444445
2 0.78984375 0.5592592592592592 0.0140625 0.053703703703703705
2 0.1674479166666667 0.3217592592592593 0.0203125 0.0712962962962963
2 0.6919270833333333 0.5101851851851852 0.0234375 0.05555555555555555
2 0.8286458333333333 0.4550925925925926 0.019791666666666666 0.062037037037037036
2 0.76640625 0.27037037037037037 0.025520833333333333 0.07407407407407407
0 0.5054322916666667 0.6242407407407408 0.004385416666666667 0.009305555555555556
3 0.7031770833333333 0.66325 0.014171875 0.03943518518518519
