2 0.6601851851851852 0.3916666666666667 0.022222222222222223 0.016666666666666666
2 0.4412962962962963 0.54428125 0.04 0.0073124999999999996
2 0.3991111111111112 0.61225 0.02546296296296296 0.008901041666666666
2 0.4361666666666666 0.5500208333333333 0.027666666666666666 0.007333333333333333
2 0.6615740740740741 0.39765625000000004 0.025 0.0171875
3 0.38887962962962963 0.6557968750000001 0.033879629629629635 0.007197916666666667
3 0.8912037037037037 0.18229166666666663 0.06944444444444445 0.013541666666666667
2 0.4027777777777778 0.60546875 0.03148148148148148 0.0078125
2 0.42205555555555563 0.5403177083333333 0.03671296296296296 0.011885416666666667
2 0.4125 0.42317708333333337 0.030555555555555555 0.0109375
2 0.41712962962962963 0.40703124999999996 0.030555555555555555 0.011979166666666667
2 0.44907407407407407 0.61953125 0.03888888888888889 0.011979166666666667
3 0.47824074074074074 0.5307291666666667 0.04351851851851852 0.008333333333333333
2 0.6995370370370371 0.40104166666666663 0.06388888888888888 0.016666666666666666
1 0.4907407407407407 0.9908854166666666 0.044444444444444446 0.009895833333333333
2 0.46018518518518525 0.28880208333333335 0.044444444444444446 0.009895833333333333
2 0.42592592592592593 0.7247395833333333 0.037037037037037035 0.0109375
2 0.44305555555555554 0.5205729166666666 0.03796296296296296 0.008854166666666666
2 0.4930555555555556 0.7325520833333333 0.04537037037037037 0.009895833333333333
2 0.49351851851851847 0.4197916666666667 0.044444444444444446 0.009375
2 0.5833333333333334 0.4356770833333333 0.05 0.016145833333333335
2 0.5046296296296297 0.25390625 0.046296296296296294 0.0109375
2 0.5097222222222222 0.5489583333333333 0.04537037037037037 0.0125
2 0.5041666666666667 0.23515624999999996 0.04722222222222222 0.013020833333333334
2 0.5291666666666667 0.71875 0.04722222222222222 0.0125
