2 0.5037037037037037 0.3348958333333333 0.03518518518518519 0.008333333333333333
2 0.48138888888888887 0.3333958333333332 0.033157407407407406 0.010296875
2 0.4689814814814815 0.5700520833333333 0.028703703703703703 0.0067708333333333336
2 0.4634259259259259 0.51328125 0.028703703703703703 0.008854166666666666
2 0.4587962962962963 0.2768229166666667 0.030555555555555555 0.0067708333333333336
2 0.5037037037037037 0.4575520833333333 0.03333333333333333 0.0067708333333333336
1 0.5370370370370371 0.9028645833333333 0.044444444444444446 0.009895833333333333
2 0.5375 0.18281250000000004 0.03796296296296296 0.010416666666666666
2 0.5445185185185185 0.27522395833333335 0.03533333333333333 0.013994791666666668
2 0.5361111111111111 0.5916666666666667 0.040740740740740744 0.010416666666666666
3 0.5318425925925926 0.4033593750000001 0.03961111111111111 0.0067239583333333335
2 0.524074074074074 0.31328124999999996 0.03333333333333333 0.0078125
2 0.5236111111111111 0.34895833333333337 0.03796296296296296 0.0125
2 0.5199074074074074 0.759375 0.03611111111111111 0.009375
2 0.6083333333333333 0.5208333333333333 0.040740740740740744 0.008333333333333333
2 0.5574074074074075 0.6513020833333334 0.040740740740740744 0.008854166666666666
1 0.5254629629629629 0.08020833333333333 0.03981481481481482 0.009375
2 0.5013888888888889 0.6158854166666667 0.03425925925925926 0.008854166666666666
2 0.5916666666666667 0.31614583333333335 0.04259259259259259 0.009375
2 0.5884259259259259 0.553125 0.04351851851851852 0.009375
2 0.6268518518518519 0.6518229166666667 0.046296296296296294 0.008854166666666666
2 0.6995370370370371 0.63515625 0.05092592592592592 0.0109375
2 0.5703703703703704 0.8291666666666666 0.04259259259259259 0.015625
0 0.5529814814814815 0.18867187500000004 0.009805555555555555 0.004286458333333334
3 0.44123148148148145 0.5949427083333333 0.026055555555555557 0.006776041666666666
