2 0.3916666666666667 0.3398148148148148 0.016666666666666666 0.022222222222222223
2 0.54428125 0.5587037037037037 0.0073124999999999996 0.04
2 0.61225 0.6008888888888888 0.008901041666666666 0.02546296296296296
2 0.5500208333333333 0.5638333333333334 0.007333333333333333 0.027666666666666666
2 0.39765625000000004 0.3384259259259259 0.0171875 0.025
3 0.6557968750000001 0.6111203703703704 0.007197916666666667 0.033879629629629635
3 0.18229166666666663 0.10879629629629628 0.013541666666666667 0.06944444444444445
2 0.60546875 0.5972222222222222 0.0078125 0.03148148148148148
2 0.5403177083333333 0.5779444444444444 0.011885416666666667 0.03671296296296296
2 0.42317708333333337 0.5875 0.0109375 0.030555555555555555
2 0.40703124999999996 0.5828703703703704 0.011979166666666667 0.030555555555555555
2 0.61953125 0.5509259259259259 0.011979166666666667 0.03888888888888889
3 0.5307291666666667 0.5217592592592593 0.008333333333333333 0.04351851851851852
2 0.40104166666666663 0.30046296296296293 0.016666666666666666 0.06388888888888888
1 0.9908854166666666 0.5092592592592593 0.009895833333333333 0.044444444444444446
2 0.28880208333333335 0.5398148148148147 0.009895833333333333 0.044444444444444446
2 0.7247395833333333 0.5740740740740741 0.0109375 0.037037037037037035
2 0.5205729166666666 0.5569444444444445 0.008854166666666666 0.03796296296296296
2 0.7325520833333333 0.5069444444444444 0.009895833333333333 0.04537037037037037
2 0.4197916666666667 0.5064814814814815 0.009375 0.044444444444444446
2 0.4356770833333333 0.41666666666666663 0.016145833333333335 0.05
2 0.25390625 0.49537037037037035 0.0109375 0.046296296296296294
2 0.5489583333333333 0.4902777777777778 0.0125 0.04537037037037037
2 0.23515624999999996 0.49583333333333335 0.013020833333333334 0.04722222222222222
2 0.71875 0.4708333333333333 0.0125 0.04722222222222222
