0 0.18932291666666667 0.40555555555555556 0.005729166666666666 0.011111111111111112
3 0.008937500000000043 0.29049074074074077 0.01788020833333333 0.06873148148148149
2 0.22031250000000002 0.43287037037037035 0.025 0.026851851851851852
1 0.1684895833333333 0.5699074074074074 0.018229166666666668 0.041666666666666664
2 0.34140625 0.513425925925926 0.0140625 0.04537037037037037
2 0.1635416666666667 0.41666666666666663 0.016666666666666666 0.04259259259259259
2 0.19713541666666667 0.475 0.015104166666666667 0.05185185185185185
2 0.25651041666666663 0.4472222222222222 0.013020833333333334 0.046296296296296294
2 0.4731770833333333 0.5319444444444444 0.009895833333333333 0.04722222222222222
3 0.40494791666666663 0.49537037037037035 0.0078125 0.05
2 0.33723958333333337 0.5800925925925926 0.013020833333333334 0.04351851851851852
2 0.1479166666666667 0.42546296296296293 0.013541666666666667 0.05277777777777778
2 0.6669270833333334 0.5787037037037037 0.011979166666666667 0.04259259259259259
2 0.28255208333333337 0.5314814814814814 0.011979166666666667 0.04814814814814815
2 0.30104166666666665 0.45231481481481484 0.0125 0.049074074074074076
2 0.44166666666666665 0.461574074074074 0.009375 0.05648148148148148
2 0.3984375 0.587037037037037 0.013541666666666667 0.040740740740740744
2 0.3651041666666667 0.39768518518518514 0.010416666666666666 0.062037037037037036
2 0.41953125 0.3453703703703703 0.013020833333333334 0.06666666666666667
2 0.2221354166666667 0.38749999999999996 0.013020833333333334 0.06018518518518518
2 0.51328125 0.4388888888888889 0.0109375 0.06111111111111111
2 0.6442708333333333 0.3574074074074074 0.015625 0.06851851851851852
2 0.67421875 0.3675925925925926 0.018229166666666668 0.06111111111111111
2 0.84375 0.45833333333333337 0.011458333333333333 0.05555555555555555
3 0.8550156250000001 0.6543611111111112 0.008911458333333334 0.03676851851851852
