2 0.4981481481481482 0.004166666666666652 0.04814814814814815 0.008333333333333333
2 0.6476851851851851 0.4677083333333333 0.04722222222222222 0.017708333333333333
2 0.38657407407407407 0.41171875 0.03425925925925926 0.009895833333333333
3 0.5453703703703704 0.5497760416666667 0.04814814814814815 0.0109375
2 0.45452777777777775 0.6536510416666667 0.039101851851851846 0.009369791666666665
2 0.5513888888888889 0.27421874999999996 0.04722222222222222 0.024479166666666666
2 0.42824074074074076 0.5341145833333334 0.03611111111111111 0.009895833333333333
2 0.48055555555555557 0.5239583333333333 0.04259259259259259 0.011458333333333333
2 0.47453703703703703 0.46354166666666663 0.03981481481481482 0.010416666666666666
2 0.4462962962962963 0.27864583333333337 0.04259259259259259 0.011458333333333333
2 0.6671296296296296 0.4799479166666667 0.05462962962962963 0.0203125
2 0.7875 0.6361979166666667 0.0712962962962963 0.016145833333333335
2 0.5699074074074074 0.17500000000000004 0.05277777777777778 0.015625
2 0.4777777777777778 0.67890625 0.044444444444444446 0.011979166666666667
2 0.774074074074074 0.4497395833333333 0.06851851851851852 0.021354166666666667
3 0.8106481481481481 0.021093750000000022 0.07314814814814814 0.025520833333333333
2 0.5300925925925926 0.6065104166666666 0.049074074074074076 0.011979166666666667
2 0.637962962962963 0.2875 0.05555555555555555 0.016666666666666666
2 0.5287037037037037 0.6859375 0.05185185185185185 0.011458333333333333
2 0.5523148148148148 0.7450520833333334 0.05092592592592592 0.011979166666666667
2 0.7263888888888889 0.7229166666666667 0.06388888888888888 0.01875
2 0.7375 0.5208333333333333 0.06018518518518518 0.021875
0 0.7939351851851852 0.45110937500000003 0.013722222222222222 0.006791666666666666
3 0.36919444444444444 0.6543541666666667 0.03175925925925926 0.008390625
2 0.4348888888888889 0.65434375 0.035759259259259255 0.007921875
