2 0.653125 0.5745370370370371 0.010416666666666666 0.03611111111111111
1 0.8338541666666667 0.55 0.009375 0.046296296296296294
2 0.24794270833333332 0.49711111111111106 0.014526041666666666 0.05613888888888889
2 0.6477083333333333 0.5734722222222222 0.011041666666666667 0.040101851851851854
2 0.6783854166666667 0.6097222222222223 0.011979166666666667 0.04722222222222222
2 0.7546875 0.561574074074074 0.013541666666666667 0.04537037037037037
2 0.8200520833333333 0.5319444444444444 0.008854166666666666 0.04537037037037037
2 0.6893229166666667 0.5814814814814815 0.011979166666666667 0.04814814814814815
2 0.5265625 0.6111111111111112 0.010416666666666666 0.04259259259259259
2 0.5528645833333333 0.5555555555555556 0.009895833333333333 0.046296296296296294
2 0.23906249999999996 0.5902777777777778 0.0125 0.04537037037037037
2 0.24869791666666663 0.47638888888888886 0.0140625 0.062037037037037036
2 0.728125 0.5504629629629629 0.016666666666666666 0.05092592592592592
2 0.8111979166666666 0.5166666666666666 0.013020833333333334 0.053703703703703705
3 0.6135416666666667 0.525 0.0125 0.05185185185185185
2 0.21328124999999998 0.5800925925925926 0.015104166666666667 0.049074074074074076
2 0.58046875 0.4907407407407407 0.011979166666666667 0.05740740740740741
2 0.68671875 0.5041666666666667 0.011979166666666667 0.05462962962962963
2 0.15260416666666665 0.5342592592592592 0.0125 0.05555555555555555
2 0.35078125000000004 0.39675925925925926 0.018229166666666668 0.062037037037037036
2 0.49348958333333337 0.4032407407407408 0.0203125 0.06574074074074074
0 0.6346562499999999 0.5579259259259259 0.005432291666666667 0.011046296296296295
3 0.5957604166666667 0.6618425925925926 0.008437499999999999 0.03738888888888889
