2 0.6431481481481482 0.33195833333333336 0.04148148148148148 0.013911458333333333
3 0.028703703703703676 0.91803125 0.05740740740740741 0.03036458333333333
2 0.5222222222222221 0.21223958333333337 0.05555555555555555 0.013020833333333334
2 0.6106481481481482 0.38151041666666674 0.041666666666666664 0.0140625
1 0.5569444444444445 0.039583333333333304 0.049074074074074076 0.014583333333333334
3 0.534962962962963 0.39365625000000004 0.054037037037037036 0.016473958333333334
2 0.611287037037037 0.344515625 0.03738888888888889 0.015072916666666667
2 0.5337962962962963 0.24401041666666667 0.05092592592592592 0.022395833333333334
2 0.6148148148148148 0.6088541666666667 0.044444444444444446 0.010416666666666666
2 0.5083333333333333 0.6799479166666667 0.05185185185185185 0.011979166666666667
2 0.5162037037037037 0.20182291666666663 0.05277777777777778 0.011979166666666667
2 0.37870370370370365 0.7200520833333334 0.06296296296296296 0.0234375
2 0.5587962962962962 0.5416666666666666 0.049074074074074076 0.010416666666666666
2 0.561574074074074 0.8447916666666667 0.049074074074074076 0.0125
2 0.5898148148148148 0.24010416666666667 0.046296296296296294 0.014583333333333334
2 0.5791666666666666 0.32734375000000004 0.04351851851851852 0.019270833333333334
2 0.575 0.7893229166666667 0.05185185185185185 0.018229166666666668
2 0.4643518518518519 0.5229166666666667 0.062037037037037036 0.014583333333333334
2 0.513425925925926 0.815625 0.062037037037037036 0.015625
2 0.3819444444444444 0.64609375 0.06759259259259259 0.0203125
2 0.5305555555555556 0.1786458333333334 0.05555555555555555 0.01875
2 0.47638888888888886 0.7513020833333334 0.06388888888888888 0.0171875
2 0.4986111111111111 0.3455729166666667 0.05462962962962963 0.0203125
3 0.6716481481481482 0.37546875 0.039074074074074074 0.0125
0 0.6087407407407408 0.3244947916666667 0.00873148148148148 0.004572916666666666
