2 0.41388888888888886 0.40703124999999996 0.046296296296296294 0.011979166666666667
2 0.5917407407407408 0.52875 0.07577777777777778 0.014369791666666666
0 0.6578703703703703 0.42317708333333337 0.012037037037037037 0.009895833333333333
2 0.44675925925925924 0.41484374999999996 0.05277777777777778 0.0203125
2 0.36203703703703705 0.49531250000000004 0.05 0.010416666666666666
2 0.35648148148148145 0.6315104166666667 0.053703703703703705 0.015104166666666667
2 0.5990740740740741 0.29374999999999996 0.06481481481481481 0.016666666666666666
2 0.4064814814814815 0.4619791666666667 0.05185185185185185 0.015625
2 0.35138888888888886 0.5747395833333333 0.049074074074074076 0.009895833333333333
2 0.4444444444444444 0.39817708333333335 0.05740740740740741 0.015104166666666667
1 0.44212962962962965 0.11406249999999996 0.06018518518518518 0.013541666666666667
2 0.46944444444444444 0.3643229166666667 0.07592592592592592 0.0140625
2 0.42962962962962964 0.49453125 0.05740740740740741 0.009895833333333333
3 0.45416666666666666 0.5369791666666667 0.058333333333333334 0.0125
2 0.5083333333333333 0.4432291666666667 0.06666666666666667 0.016666666666666666
2 0.5282407407407408 0.5921875 0.06388888888888888 0.014583333333333334
2 0.41944444444444445 0.8984375 0.05925925925925926 0.013541666666666667
2 0.500462962962963 0.3065104166666667 0.06388888888888888 0.025520833333333333
2 0.6046296296296296 0.5143229166666667 0.06481481481481481 0.021354166666666667
2 0.5296296296296297 0.9190104166666666 0.06666666666666667 0.0171875
2 0.5273148148148148 0.7671875 0.06574074074074074 0.016666666666666666
2 0.581861111111111 0.52028125 0.06926851851851852 0.019057291666666667
