2 0.36067708333333337 0.5745370370370371 0.013020833333333334 0.03981481481481482
2 0.43333333333333335 0.6342592592592593 0.007291666666666667 0.02962962962962963
2 0.271390625 0.5938425925925925 0.011442708333333333 0.033990740740740745
2 0.3505208333333333 0.5541666666666667 0.009375 0.041666666666666664
2 0.51953125 0.6333333333333333 0.0067708333333333336 0.03148148148148148
2 0.2984375 0.6273148148148149 0.009375 0.028703703703703703
2 0.52578125 0.6129629629629629 0.013020833333333334 0.02962962962962963
2 0.3979166666666667 0.6287037037037038 0.013541666666666667 0.02962962962962963
3 0.08684895833333328 0.10047222222222219 0.021614583333333333 0.09720370370370371
2 0.7044270833333333 0.6060185185185185 0.0078125 0.03981481481481482
2 0.5078125 0.6236111111111111 0.008333333333333333 0.03796296296296296
2 0.5075520833333333 0.5523148148148148 0.011979166666666667 0.03611111111111111
2 0.2796927083333334 0.38989814814814816 0.023947916666666666 0.06280555555555556
2 0.19322916666666667 0.5740740740740741 0.011458333333333333 0.03888888888888889
2 0.62734375 0.47638888888888886 0.013020833333333334 0.05462962962962963
2 0.58984375 0.5560185185185185 0.0109375 0.04537037037037037
2 0.80234375 0.44259259259259254 0.019270833333333334 0.05185185185185185
2 0.6981770833333334 0.5657407407407408 0.0140625 0.040740740740740744
2 0.19453125000000004 0.4731481481481481 0.022395833333333334 0.05185185185185185
0 0.25818229166666673 0.5971759259259259 0.004145833333333333 0.00862037037037037
2 0.26535416666666667 0.6142037037037037 0.013979166666666666 0.039490740740740736
3 0.35505729166666666 0.5721111111111111 0.017765625 0.0374074074074074
3 0.6365729166666667 0.6548888888888889 0.009937499999999998 0.03860185185185185
