0 0.4476851851851852 0.45338541666666665 0.010185185185185186 0.005729166666666666
2 0.5069444444444444 0.6583333333333333 0.04351851851851852 0.013541666666666667
2 0.5472222222222223 0.46328125 0.03888888888888889 0.0109375
2 0.5291666666666667 0.5169270833333334 0.04351851851851852 0.009895833333333333
2 0.48796296296296293 0.7809895833333333 0.053703703703703705 0.0109375
2 0.5310185185185186 0.49192708333333335 0.041666666666666664 0.0140625
1 0.5716388888888889 0.88046875 0.04351851851851852 0.0140625
2 0.5953703703703703 0.58125 0.044444444444444446 0.0125
2 0.45138888888888884 0.6841145833333333 0.05462962962962963 0.0109375
2 0.587037037037037 0.39947916666666666 0.03888888888888889 0.0125
2 0.44259259259259254 0.7690104166666667 0.053703703703703705 0.0109375
2 0.42638888888888893 0.7450520833333333 0.03796296296296296 0.0140625
2 0.5722222222222222 0.5505208333333333 0.04259259259259259 0.010416666666666666
3 0.49583333333333335 0.5856770833333333 0.05092592592592592 0.0171875
2 0.4824074074074074 0.44609375 0.046296296296296294 0.013020833333333334
2 0.55 0.68203125 0.04814814814814815 0.0109375
3 0.2797314814814815 0.9595052083333333 0.07386111111111111 0.021609375
2 0.5268518518518519 0.5716145833333334 0.04814814814814815 0.0140625
2 0.4907407407407407 0.5221354166666666 0.04814814814814815 0.0140625
2 0.48750000000000004 0.35572916666666665 0.049074074074074076 0.019791666666666666
2 0.4018518518518519 0.7302083333333333 0.05925925925925926 0.016666666666666666
2 0.4643518518518519 0.30963541666666666 0.05277777777777778 0.013020833333333334
2 0.5143518518518518 0.2591145833333333 0.049074074074074076 0.019270833333333334
2 0.42407407407407405 0.4171875 0.05740740740740741 0.020833333333333332
3 0.6578518518518519 0.20188020833333334 0.03672222222222222 0.009682291666666667
