2 0.5745370370370371 0.6393229166666666 0.03981481481481482 0.013020833333333334
2 0.6342592592592593 0.5666666666666667 0.02962962962962963 0.007291666666666667
2 0.5938425925925925 0.728609375 0.033990740740740745 0.011442708333333333
2 0.5541666666666667 0.6494791666666667 0.041666666666666664 0.009375
2 0.6333333333333333 0.48046875 0.03148148148148148 0.0067708333333333336
2 0.6273148148148149 0.7015625 0.028703703703703703 0.009375
2 0.6129629629629629 0.47421875 0.02962962962962963 0.013020833333333334
2 0.6287037037037038 0.6020833333333333 0.02962962962962963 0.013541666666666667
3 0.10047222222222219 0.9131510416666667 0.09720370370370371 0.021614583333333333
2 0.6060185185185185 0.2955729166666667 0.03981481481481482 0.0078125
2 0.6236111111111111 0.4921875 0.03796296296296296 0.008333333333333333
2 0.5523148148148148 0.49244791666666665 0.03611111111111111 0.011979166666666667
2 0.38989814814814816 0.7203072916666666 0.06280555555555556 0.023947916666666666
2 0.5740740740740741 0.8067708333333333 0.03888888888888889 0.011458333333333333
2 0.47638888888888886 0.37265625 0.05462962962962963 0.013020833333333334
2 0.5560185185185185 0.41015625 0.04537037037037037 0.0109375
2 0.44259259259259254 0.19765625 0.05185185185185185 0.019270833333333334
2 0.5657407407407408 0.30182291666666666 0.040740740740740744 0.0140625
2 0.4731481481481481 0.80546875 0.05185185185185185 0.022395833333333334
0 0.5971759259259259 0.7418177083333333 0.00862037037037037 0.004145833333333333
2 0.6142037037037037 0.7346458333333333 0.039490740740740736 0.013979166666666666
3 0.5721111111111111 0.6449427083333333 0.0374074074074074 0.017765625
3 0.6548888888888889 0.36342708333333335 0.03860185185185185 0.009937499999999998
