2 0.4232604166666667 0.6524537037037037 0.010770833333333334 0.03837962962962963
2 0.5177083333333333 0.6337962962962963 0.009375 0.03425925925925926
2 0.4005208333333333 0.6347222222222222 0.010416666666666666 0.03611111111111111
2 0.5098958333333333 0.6347222222222222 0.011458333333333333 0.03611111111111111
2 0.3651041666666667 0.6129629629629629 0.0125 0.03518518518518519
2 0.7372395833333334 0.6212962962962962 0.0171875 0.04259259259259259
2 0.4638020833333333 0.6189814814814815 0.013020833333333334 0.03611111111111111
1 0.9644114583333333 0.5324074074074074 0.0109375 0.05185185185185185
2 0.26145833333333335 0.5953703703703703 0.013541666666666667 0.037037037037037035
2 0.5479166666666666 0.5546296296296296 0.009375 0.046296296296296294
2 0.415875 0.5615555555555556 0.012078125 0.04362962962962963
2 0.3114583333333333 0.5810185185185186 0.011458333333333333 0.04351851851851852
2 0.5200520833333333 0.5435185185185185 0.011979166666666667 0.044444444444444446
2 0.6231770833333333 0.475925925925926 0.008854166666666666 0.053703703703703705
3 0.34765625 0.5662037037037038 0.016145833333333335 0.04537037037037037
2 0.20338541666666665 0.5560185185185185 0.0109375 0.04722222222222222
2 0.8877604166666666 0.39629629629629626 0.0171875 0.06111111111111111
2 0.39921874999999996 0.3902777777777777 0.0203125 0.062037037037037036
2 0.7330729166666667 0.5671296296296297 0.015104166666666667 0.04351851851851852
3 0.17734375000000002 0.1162037037037037 0.024479166666666666 0.08611111111111111
2 0.24921875000000004 0.36342592592592593 0.011979166666666667 0.06388888888888888
2 0.20208333333333328 0.4481481481481482 0.014583333333333334 0.06111111111111111
3 0.6636093750000001 0.6644907407407408 0.010661458333333334 0.03490740740740741
0 0.4164322916666666 0.615574074074074 0.006942708333333334 0.011861111111111112
2 0.4163593750000001 0.5765370370370371 0.011885416666666667 0.04248148148148148
