2 0.561574074074074 0.3578125 0.03981481481481482 0.011458333333333333
3 0.5125 0.46506249999999993 0.049074074074074076 0.01883333333333333
3 0.6383518518518518 0.44186979166666673 0.03440740740740741 0.009338541666666667
2 0.5717592592592593 0.5580729166666667 0.03425925925925926 0.009895833333333333
2 0.48669444444444443 0.8308333333333333 0.04747222222222223 0.024916666666666667
2 0.5532407407407407 0.4276041666666667 0.04351851851851852 0.009375
2 0.5819444444444444 0.3744791666666667 0.04351851851851852 0.009375
2 0.5342592592592592 0.35078125000000004 0.05185185185185185 0.016145833333333335
2 0.5800925925925926 0.78359375 0.05648148148148148 0.0109375
2 0.5430555555555556 0.32447916666666665 0.05277777777777778 0.013541666666666667
2 0.55 0.18880208333333337 0.046296296296296294 0.0109375
2 0.5319444444444444 0.89296875 0.04722222222222222 0.0140625
2 0.5717592592592593 0.5270833333333333 0.03425925925925926 0.014583333333333334
2 0.4921296296296296 0.35546875 0.05092592592592592 0.013020833333333334
2 0.5717592592592593 0.77265625 0.04351851851851852 0.018229166666666668
2 0.499537037037037 0.2354166666666666 0.04722222222222222 0.0125
2 0.4898148148148148 0.47916666666666674 0.046296296296296294 0.019791666666666666
2 0.48564814814814816 0.21406250000000004 0.05648148148148148 0.0125
2 0.40648148148148144 0.5388020833333333 0.05740740740740741 0.016145833333333335
2 0.38703703703703707 0.7341145833333333 0.05555555555555555 0.022395833333333334
0 0.5507407407407408 0.5645520833333334 0.009879629629629629 0.005380208333333333
1 0.5276666666666667 0.13911979166666666 0.056861111111111105 0.019057291666666667
2 0.5000833333333334 0.8325572916666667 0.049185185185185186 0.017171875
