1 0.0033854166666666963 0.49629629629629635 0.0067708333333333336 0.037037037037037035
2 0.4072916666666667 0.6074074074074074 0.009375 0.03333333333333333
2 0.6247395833333333 0.537962962962963 0.0078125 0.04259259259259259
2 0.5377604166666667 0.5087962962962963 0.011979166666666667 0.04351851851851852
2 0.5947916666666666 0.4643518518518519 0.010416666666666666 0.049074074074074076
2 0.3119791666666667 0.5453703703703704 0.010416666666666666 0.040740740740740744
2 0.5403645833333333 0.5657407407407408 0.008854166666666666 0.037037037037037035
2 0.66953125 0.5157407407407407 0.013020833333333334 0.044444444444444446
2 0.6356770833333334 0.5578703703703703 0.0078125 0.03796296296296296
2 0.65 0.22037037037037033 0.021875 0.06666666666666667
2 0.52109375 0.5125 0.0078125 0.04351851851851852
3 0.5626875 0.4101851851851852 0.0140625 0.05555555555555555
3 0.030989583333333348 0.17962962962962958 0.0234375 0.07592592592592592
2 0.37031250000000004 0.44305555555555554 0.011458333333333333 0.04537037037037037
2 0.15312499999999996 0.38009259259259254 0.014583333333333334 0.058333333333333334
2 0.6489583333333333 0.4527777777777777 0.014583333333333334 0.05185185185185185
2 0.37760416666666663 0.41435185185185186 0.011458333333333333 0.05092592592592592
2 0.5424479166666667 0.35462962962962963 0.0140625 0.06111111111111111
2 0.7057291666666667 0.44212962962962965 0.0125 0.05092592592592592
2 0.4510416666666667 0.22916666666666663 0.013541666666666667 0.06759259259259259
2 0.7130208333333333 0.31759259259259254 0.014583333333333334 0.06111111111111111
2 0.48203125 0.3574074074074074 0.011979166666666667 0.05925925925925926
2 0.5098958333333333 0.26342592592592595 0.014583333333333334 0.0712962962962963
3 0.614703125 0.6318796296296296 0.008635416666666666 0.032490740740740744
0 0.3741302083333333 0.4335833333333333 0.005682291666666667 0.01000925925925926
