2 0.37962962962962965 0.61953125 0.040740740740740744 0.011979166666666667
1 0.5768518518518518 0.9114583333333334 0.053703703703703705 0.0125
2 0.43287037037037035 0.21953125 0.058333333333333334 0.019270833333333334
2 0.6032407407407407 0.6174479166666667 0.049074074074074076 0.016145833333333335
2 0.5148148148148148 0.6348958333333333 0.05740740740740741 0.0125
2 0.5893518518518519 0.6989583333333333 0.05277777777777778 0.013541666666666667
2 0.537037037037037 0.5572916666666666 0.05555555555555555 0.010416666666666666
2 0.575 0.6770833333333334 0.05185185185185185 0.014583333333333334
2 0.3407407407407408 0.621875 0.07037037037037037 0.026041666666666668
2 0.5939814814814814 0.33177083333333335 0.04722222222222222 0.014583333333333334
2 0.5398148148148147 0.7255208333333333 0.06111111111111111 0.0125
3 0.48842592592592593 0.5171875 0.05648148148148148 0.016666666666666666
2 0.47870370370370374 0.6518229166666667 0.06851851851851852 0.015104166666666667
2 0.43333333333333335 0.48020833333333335 0.06851851851851852 0.014583333333333334
2 0.4458333333333333 0.17369791666666667 0.06574074074074074 0.0234375
2 0.37268518518518523 0.7010416666666667 0.06759259259259259 0.016666666666666666
2 0.3393518518518519 0.35885416666666664 0.07685185185185185 0.01875
2 0.39537037037037037 0.8489583333333334 0.07407407407407407 0.017708333333333333
2 0.34490740740740744 0.040625 0.08425925925925926 0.021875
2 0.27175925925925926 0.6078125 0.0787037037037037 0.030208333333333334
2 0.4356481481481481 0.559375 0.062037037037037036 0.020833333333333332
3 0.6929074074074073 0.125828125 0.04165740740740741 0.011166666666666667
2 0.18340740740740746 0.7489375 0.09521296296296296 0.027557291666666664
