0 0.12864583333333335 0.28935185185185186 0.007291666666666667 0.013888888888888888
2 0.2950520833333333 0.5412037037037036 0.008854166666666666 0.04722222222222222
2 0.15937500000000004 0.3495370370370371 0.015625 0.06574074074074074
2 0.359375 0.5611111111111111 0.009375 0.05740740740740741
1 0.22057291666666667 0.5837962962962964 0.011979166666666667 0.05277777777777778
2 0.4658854166666667 0.5361111111111111 0.013020833333333334 0.053703703703703705
2 0.3419270833333333 0.5699074074074074 0.013020833333333334 0.05648148148148148
2 0.3348958333333333 0.46805555555555556 0.014583333333333334 0.05648148148148148
2 0.3979166666666667 0.5939814814814814 0.010416666666666666 0.05092592592592592
2 0.3046875 0.5398148148148147 0.014583333333333334 0.05555555555555555
2 0.46067708333333335 0.5851851851851853 0.011979166666666667 0.05185185185185185
2 0.45338541666666665 0.6069444444444445 0.0109375 0.049074074074074076
2 0.3770833333333333 0.5402777777777779 0.0125 0.05462962962962963
3 0.48906249999999996 0.5375 0.010416666666666666 0.05462962962962963
2 0.18125000000000002 0.32499999999999996 0.026041666666666668 0.046296296296296294
2 0.3799479166666667 0.44259259259259254 0.0171875 0.06481481481481481
2 0.6278645833333334 0.5722222222222222 0.009895833333333333 0.05185185185185185
2 0.15104166666666663 0.2958333333333333 0.020833333333333332 0.075
2 0.3486979166666667 0.34490740740740744 0.019270833333333334 0.06759259259259259
2 0.46901041666666665 0.36018518518518516 0.015104166666666667 0.07592592592592592
2 0.65390625 0.45833333333333337 0.015104166666666667 0.06111111111111111
2 0.8359375 0.3458333333333333 0.017708333333333333 0.0824074074074074
2 0.8317708333333333 0.5361111111111111 0.013541666666666667 0.05925925925925926
