3 0.5408854166666667 0.6634259259259259 0.0078125 0.03425925925925926
2 0.49973958333333335 0.5675925925925926 0.011979166666666667 0.04259259259259259
1 0.7998854166666667 0.5267870370370371 0.014187499999999999 0.045287037037037035
2 0.45052083333333337 0.5268518518518519 0.008333333333333333 0.05185185185185185
2 0.4970052083333333 0.5942037037037038 0.010135416666666668 0.04207407407407407
2 0.5481770833333333 0.5171296296296296 0.013020833333333334 0.05648148148148148
3 0.4174479166666667 0.47685185185185186 0.011979166666666667 0.05925925925925926
2 0.45677083333333335 0.5189814814814815 0.009375 0.05277777777777778
2 0.15331249999999996 0.4362962962962963 0.013166666666666667 0.07999074074074074
2 0.5369791666666667 0.5120370370370371 0.016666666666666666 0.053703703703703705
2 0.6671875 0.5643518518518518 0.011458333333333333 0.05277777777777778
2 0.79765625 0.5027777777777778 0.0109375 0.04814814814814815
2 0.43723958333333335 0.6078703703703704 0.0140625 0.04537037037037037
2 0.85390625 0.4472222222222222 0.011979166666666667 0.05925925925925926
2 0.58828125 0.44166666666666665 0.0171875 0.06111111111111111
2 0.5955729166666667 0.33564814814814814 0.0171875 0.06944444444444445
2 0.41093749999999996 0.4527777777777777 0.015625 0.06296296296296296
2 0.6234375 0.33472222222222225 0.0125 0.06574074074074074
2 0.6958333333333333 0.5592592592592592 0.011458333333333333 0.05185185185185185
2 0.07239583333333333 0.45092592592592595 0.01875 0.06481481481481481
2 0.5729166666666667 0.5018518518518518 0.015625 0.053703703703703705
2 0.21458333333333335 0.5361111111111111 0.017708333333333333 0.05
2 0.12864583333333335 0.37777777777777777 0.015625 0.06666666666666667
