2 0.4203703703703704 0.43333333333333335 0.040740740740740744 0.010416666666666666
2 0.4569444444444444 0.4330729166666667 0.04537037037037037 0.011979166666666667
2 0.4976851851851851 0.6330729166666667 0.062037037037037036 0.0203125
2 0.3560185185185185 0.29427083333333337 0.04351851851851852 0.010416666666666666
3 0.5445648148148148 0.5446145833333333 0.0632037037037037 0.021244791666666665
2 0.46805555555555556 0.6473958333333334 0.058333333333333334 0.01875
2 0.4986111111111111 0.6015625 0.058333333333333334 0.015625
2 0.38611111111111107 0.38515625 0.044444444444444446 0.011979166666666667
2 0.399537037037037 0.54609375 0.04537037037037037 0.011979166666666667
2 0.4305555555555556 0.16223958333333333 0.05185185185185185 0.013020833333333334
2 0.5069444444444444 0.584375 0.062037037037037036 0.023958333333333335
2 0.687037037037037 0.6760416666666667 0.07407407407407407 0.01875
2 0.4828703703703704 0.4106770833333333 0.05648148148148148 0.013020833333333334
1 0.4453703703703704 0.959375 0.05740740740740741 0.020833333333333332
2 0.5337962962962963 0.32265625 0.06388888888888888 0.018229166666666668
2 0.5027777777777778 0.6825520833333334 0.05740740740740741 0.019270833333333334
2 0.5912037037037037 0.38203125000000004 0.06759259259259259 0.013020833333333334
2 0.5782407407407407 0.6690104166666666 0.06574074074074074 0.025520833333333333
2 0.8143518518518519 0.8252604166666666 0.0787037037037037 0.033854166666666664
3 0.9375 0.13697916666666665 0.10277777777777777 0.034375
2 0.6476851851851851 0.25651041666666663 0.0787037037037037 0.018229166666666668
2 0.7898148148148149 0.78359375 0.07962962962962963 0.0265625
2 0.6717592592592593 0.8565104166666666 0.06944444444444445 0.0265625
3 0.30841666666666656 0.5260833333333333 0.0387037037037037 0.012708333333333332
0 0.8079722222222222 0.7898333333333334 0.015592592592592592 0.00678125
