2 0.6356481481481482 0.40911458333333334 0.03425925925925926 0.008854166666666666
2 0.6376388888888889 0.36796875 0.03836111111111111 0.013020833333333334
2 0.5722222222222222 0.8033854166666666 0.05 0.011979166666666667
2 0.6097222222222223 0.38723958333333336 0.04351851851851852 0.008854166666666666
2 0.6324074074074074 0.64140625 0.040740740740740744 0.015104166666666667
2 0.5439814814814814 0.8583333333333333 0.05092592592592592 0.0125
2 0.5476851851851852 0.5854166666666667 0.049074074074074076 0.009375
2 0.3467592592592592 0.78359375 0.06759259259259259 0.018229166666666668
2 0.5217592592592593 0.7848958333333333 0.058333333333333334 0.011458333333333333
2 0.4986111111111111 0.70703125 0.05277777777777778 0.015104166666666667
3 0.5199074074074075 0.44583333333333336 0.05277777777777778 0.013541666666666667
2 0.4712962962962963 0.7388020833333333 0.06111111111111111 0.016145833333333335
2 0.5745370370370371 0.21901041666666668 0.049074074074074076 0.015104166666666667
2 0.4986111111111111 0.23723958333333334 0.058333333333333334 0.022395833333333334
2 0.4208333333333333 0.17994791666666668 0.06018518518518518 0.0171875
2 0.4291666666666667 0.56171875 0.06388888888888888 0.015104166666666667
2 0.5509259259259259 0.365625 0.05185185185185185 0.016666666666666666
2 0.33287037037037037 0.6807291666666667 0.075 0.019791666666666666
2 0.4361111111111111 0.24765625 0.06296296296296296 0.018229166666666668
2 0.5 0.1859375 0.05925925925925926 0.020833333333333332
2 0.44074074074074077 0.35546875 0.06296296296296296 0.019270833333333334
3 0.6631018518518519 0.3145208333333333 0.036787037037037035 0.010270833333333333
0 0.620824074074074 0.39723958333333337 0.008472222222222223 0.004234375
