2 0.5361979166666666 0.5611111111111111 0.019270833333333334 0.040740740740740744
2 0.4573697916666667 0.497212962962963 0.015510416666666667 0.05648148148148148
3 0.39375000000000004 0.4722222222222222 0.019791666666666666 0.053703703703703705
2 0.6302083333333333 0.500925925925926 0.013541666666666667 0.05185185185185185
2 0.42734375 0.6050925925925925 0.011979166666666667 0.04351851851851852
2 0.4731770833333333 0.5416666666666667 0.0109375 0.05
2 0.54296875 0.5314814814814814 0.013020833333333334 0.04814814814814815
1 0.8356770833333333 0.5300925925925926 0.0265625 0.04537037037037037
2 0.4359375 0.5745370370370371 0.009375 0.05277777777777778
2 0.4072916666666667 0.48657407407407405 0.016666666666666666 0.058333333333333334
2 0.57421875 0.5185185185185186 0.0265625 0.053703703703703705
2 0.3309895833333333 0.5796296296296296 0.0109375 0.04814814814814815
2 0.6302083333333333 0.46805555555555556 0.01875 0.05462962962962963
2 0.5192708333333333 0.5041666666666667 0.016666666666666666 0.058333333333333334
2 0.6947916666666667 0.4106481481481481 0.016666666666666666 0.062037037037037036
2 0.12682291666666667 0.46064814814814814 0.015104166666666667 0.06388888888888888
2 0.19609374999999996 0.41666666666666663 0.013020833333333334 0.07037037037037037
2 0.4765625 0.44398148148148153 0.013541666666666667 0.06388888888888888
2 0.34401041666666665 0.4722222222222222 0.0171875 0.06111111111111111
2 0.703125 0.36388888888888893 0.015625 0.07037037037037037
2 0.2822916666666667 0.375 0.014583333333333334 0.07222222222222222
2 0.4645989583333333 0.5085092592592593 0.011552083333333333 0.05958333333333333
3 0.414875 0.6459074074074074 0.0155625 0.036175925925925924
0 0.5735052083333334 0.579574074074074 0.007364583333333333 0.012648148148148148
