2 0.3731481481481482 0.28151041666666665 0.05555555555555555 0.011979166666666667
2 0.29074074074074074 0.4559895833333333 0.04259259259259259 0.0109375
2 0.38657407407407407 0.30781250000000004 0.05462962962962963 0.011458333333333333
2 0.4787037037037037 0.17994791666666665 0.06851851851851852 0.015104166666666667
2 0.33194444444444443 0.4002604166666667 0.05092592592592592 0.0109375
1 0.4361111111111111 0.046875 0.06481481481481481 0.0125
2 0.29814814814814816 0.4979166666666667 0.046296296296296294 0.011458333333333333
2 0.3055555555555556 0.5575520833333334 0.05 0.015104166666666667
2 0.393537037037037 0.5254218749999999 0.059 0.01478125
2 0.47824074074074074 0.08828124999999998 0.06574074074074074 0.022395833333333334
2 0.48564814814814816 0.44401041666666663 0.06759259259259259 0.0203125
2 0.3763888888888889 0.5721354166666667 0.062037037037037036 0.0140625
2 0.4027777777777778 0.2638020833333333 0.06296296296296296 0.021354166666666667
2 0.4337962962962963 0.3598958333333333 0.06388888888888888 0.013541666666666667
2 0.4166666666666667 0.17395833333333333 0.06296296296296296 0.013541666666666667
2 0.5115740740740741 0.19244791666666672 0.06759259259259259 0.019270833333333334
2 0.4652777777777778 0.10781249999999998 0.06574074074074074 0.017708333333333333
3 0.37175925925925923 0.5557291666666666 0.06388888888888888 0.0125
2 0.48148148148148145 0.9145833333333333 0.07037037037037037 0.016666666666666666
2 0.5254629629629629 0.3247395833333333 0.07685185185185185 0.021354166666666667
2 0.48009259259259257 0.5822916666666667 0.0712962962962963 0.020833333333333332
0 0.30576851851851855 0.46910416666666666 0.009277777777777777 0.004671875000000001
2 0.36764814814814817 0.26171875 0.05304629629629629 0.014307291666666666
