2 0.44270833333333337 0.7115740740740741 0.009375 0.03425925925925926
2 0.6463541666666667 0.7291666666666667 0.011458333333333333 0.032407407407407406
2 0.28515625 0.7032407407407407 0.009895833333333333 0.03796296296296296
2 0.24817708333333333 0.7185185185185186 0.008854166666666666 0.037037037037037035
2 0.21119791666666665 0.6949074074074074 0.0109375 0.04351851851851852
2 0.3427083333333333 0.6722222222222223 0.010416666666666666 0.044444444444444446
2 0.8 0.6263888888888889 0.009375 0.04537037037037037
2 0.12682291666666667 0.5824074074074075 0.0109375 0.05555555555555555
2 0.8307291666666666 0.6601851851851852 0.009375 0.044444444444444446
2 0.23958333333333337 0.6328703703703704 0.011458333333333333 0.04351851851851852
2 0.30989583333333337 0.5564814814814815 0.010416666666666666 0.05555555555555555
2 0.18072916666666672 0.6643518518518519 0.0125 0.04537037037037037
2 0.6629375 0.6001296296296297 0.01484375 0.044703703703703704
2 0.3291666666666667 0.6180555555555556 0.013541666666666667 0.05092592592592592
3 0.48124999999999996 0.624074074074074 0.009375 0.04814814814814815
1 0.90421875 0.6063888888888889 0.015625 0.04814814814814815
2 0.10833333333333328 0.44212962962962965 0.01875 0.062037037037037036
2 0.14583333333333337 0.38148148148148153 0.015625 0.07407407407407407
2 0.18489583333333337 0.5222222222222221 0.014583333333333334 0.06111111111111111
2 0.4609375 0.4296296296296296 0.019791666666666666 0.06481481481481481
2 0.5278645833333333 0.25462962962962965 0.025520833333333333 0.07592592592592592
0 0.648390625 0.5794537037037037 0.006609375 0.011722222222222222
3 0.685359375 0.7703518518518518 0.008213541666666666 0.03161111111111111
2 0.38973958333333336 0.7645740740740741 0.011911458333333335 0.03161111111111111
