0 0.31666666666666665 0.8223958333333333 0.011111111111111112 0.008333333333333333
3 0.8240740740740741 0.4315104166666667 0.03148148148148148 0.009895833333333333
2 0.799074074074074 0.5046875 0.037037037037037035 0.007291666666666667
1 0.662962962962963 0.015885416666666666 0.046296296296296294 0.015104166666666667
2 0.7087962962962964 0.37552083333333336 0.041666666666666664 0.008333333333333333
2 0.6699074074074074 0.49921875 0.049074074074074076 0.0109375
2 0.7328703703703704 0.56171875 0.03981481481481482 0.0067708333333333336
2 0.7356481481481482 0.3875 0.04351851851851852 0.008333333333333333
2 0.6050925925925925 0.325 0.05648148148148148 0.008333333333333333
2 0.5481481481481482 0.3611979166666667 0.05925925925925926 0.009895833333333333
2 0.6365740740740741 0.4078125 0.049074074074074076 0.009375
2 0.5125 0.2825520833333333 0.062037037037037036 0.009895833333333333
2 0.5657407407407408 0.3143229166666667 0.05925925925925926 0.013020833333333334
2 0.6055555555555556 0.5692708333333333 0.05555555555555555 0.013541666666666667
3 0.5425925925925925 0.4036458333333333 0.05925925925925926 0.010416666666666666
2 0.5800925925925926 0.61015625 0.058333333333333334 0.011979166666666667
2 0.6842592592592592 0.76875 0.04814814814814815 0.0125
2 0.49490740740740746 0.478125 0.06574074074074074 0.010416666666666666
2 0.3902777777777777 0.30546875 0.06944444444444445 0.018229166666666668
2 0.4462962962962963 0.39010416666666664 0.06481481481481481 0.014583333333333334
2 0.3217592592592593 0.21354166666666666 0.08055555555555556 0.013541666666666667
2 0.33425925925925926 0.8302083333333333 0.08148148148148149 0.023958333333333335
2 0.24351851851851847 0.5486979166666667 0.08333333333333333 0.0171875
2 0.3560185185185185 0.5716145833333334 0.06388888888888888 0.024479166666666666
3 0.16759259259259263 0.9395833333333333 0.09444444444444444 0.028125
