2 0.21104687499999997 0.6750185185185185 0.014364583333333332 0.042555555555555555
2 0.14973958333333337 0.5814814814814815 0.009895833333333333 0.05925925925925926
2 0.22031250000000002 0.688425925925926 0.011458333333333333 0.04537037037037037
2 0.3325520833333333 0.7625 0.0109375 0.03981481481481482
2 0.4 0.7731481481481481 0.017708333333333333 0.046296296296296294
2 0.31484375 0.7689814814814815 0.0078125 0.03796296296296296
1 0.09479166666666672 0.662962962962963 0.009375 0.05925925925925926
2 0.14453125 0.6342592592592593 0.009895833333333333 0.053703703703703705
2 0.45572916666666663 0.7509259259259259 0.011458333333333333 0.04259259259259259
2 0.30156249999999996 0.7101851851851853 0.008333333333333333 0.053703703703703705
2 0.5989583333333333 0.7587962962962963 0.014583333333333334 0.041666666666666664
2 0.18541666666666667 0.686574074074074 0.011458333333333333 0.05462962962962963
3 0.4200520833333333 0.7207037037037037 0.0109375 0.05092592592592592
2 0.23203125000000002 0.6226851851851851 0.011979166666666667 0.06018518518518518
2 0.11302083333333335 0.6152777777777778 0.015625 0.06018518518518518
2 0.31718749999999996 0.6726851851851852 0.016666666666666666 0.05648148148148148
2 0.4390625 0.5462962962962963 0.015625 0.06851851851851852
2 0.7283854166666667 0.6583333333333333 0.0109375 0.06296296296296296
2 0.75234375 0.6523148148148148 0.015104166666666667 0.06388888888888888
2 0.5098958333333333 0.6939814814814815 0.014583333333333334 0.05462962962962963
2 0.8388020833333334 0.6976851851851852 0.0109375 0.058333333333333334
0 0.4363697916666667 0.7327407407407407 0.0047708333333333335 0.008842592592592593
2 0.33515625000000004 0.7755833333333333 0.010854166666666666 0.04961111111111111
