2 0.6797968750000001 0.7820277777777778 0.012953125000000001 0.052972222222222226
0 0.19401041666666663 0.6810185185185185 0.005729166666666666 0.010185185185185186
3 0.5869791666666666 0.9226851851851852 0.009375 0.04537037037037037
2 0.6033645833333334 0.6284722222222222 0.015140625 0.07269444444444445
2 0.46510416666666665 0.9106481481481481 0.010416666666666666 0.04537037037037037
2 0.8447916666666666 0.374537037037037 0.027083333333333334 0.09166666666666666
2 0.6794270833333333 0.7662037037037037 0.0109375 0.06388888888888888
2 0.5223958333333334 0.7578703703703704 0.010416666666666666 0.062037037037037036
3 0.6061041666666667 0.6123518518518518 0.013838541666666667 0.07285185185185186
2 0.43046874999999996 0.825 0.009895833333333333 0.053703703703703705
2 0.18098958333333337 0.712962962962963 0.019270833333333334 0.06481481481481481
2 0.5640625 0.6967592592592593 0.016666666666666666 0.05648148148148148
2 0.8416666666666667 0.4175925925925926 0.027083333333333334 0.08333333333333333
2 0.7286458333333333 0.674074074074074 0.014583333333333334 0.06666666666666667
2 0.4598958333333333 0.7092592592592593 0.0125 0.06666666666666667
2 0.3447916666666667 0.6972222222222222 0.013541666666666667 0.06851851851851852
2 0.759375 0.6055555555555556 0.014583333333333334 0.07407407407407407
2 0.6106770833333333 0.537037037037037 0.0203125 0.07592592592592592
2 0.7713541666666667 0.5875 0.021875 0.07685185185185185
2 0.1640625 0.4898148148148148 0.022916666666666665 0.08888888888888889
2 0.35546875 0.47685185185185186 0.0234375 0.08333333333333333
2 0.6135416666666667 0.44259259259259254 0.022916666666666665 0.08518518518518518
2 0.6770833333333333 0.10046296296296298 0.030208333333333334 0.11203703703703703
