2 0.5385416666666667 0.6189814814814815 0.008333333333333333 0.03425925925925926
0 0.7450520833333334 0.44305555555555554 0.005729166666666666 0.010185185185185186
2 0.4291666666666667 0.7 0.007291666666666667 0.03333333333333333
2 0.5361979166666666 0.6013888888888889 0.009895833333333333 0.041666666666666664
2 0.5661458333333333 0.6648148148148147 0.007291666666666667 0.03518518518518519
2 0.4536458333333333 0.39722222222222225 0.016666666666666666 0.05185185185185185
2 0.4122395833333333 0.6458333333333333 0.0078125 0.03796296296296296
2 0.5052083333333333 0.6254629629629629 0.008333333333333333 0.04351851851851852
2 0.3963541666666667 0.5643518518518518 0.010416666666666666 0.04537037037037037
2 0.3794270833333333 0.5962962962962963 0.008854166666666666 0.04259259259259259
2 0.25807291666666665 0.4555555555555556 0.0109375 0.04814814814814815
1 0.07511979166666671 0.5861111111111111 0.0125 0.046296296296296294
2 0.44166666666666665 0.6643518518518519 0.008333333333333333 0.03796296296296296
2 0.33359375 0.5523148148148148 0.013020833333333334 0.04722222222222222
2 0.7752604166666667 0.6162037037037037 0.008854166666666666 0.041666666666666664
2 0.3549479166666667 0.5819444444444444 0.011979166666666667 0.04722222222222222
2 0.4744791666666667 0.5138888888888888 0.010416666666666666 0.05185185185185185
2 0.7747395833333334 0.5305555555555556 0.013020833333333334 0.04814814814814815
2 0.6638020833333333 0.5268518518518519 0.009895833333333333 0.05
3 0.5216145833333333 0.6023148148148147 0.013020833333333334 0.041666666666666664
2 0.76328125 0.437037037037037 0.015104166666666667 0.05740740740740741
2 0.17317708333333337 0.2694444444444445 0.019270833333333334 0.05925925925925926
3 0.047395833333333304 0.1421296296296296 0.029166666666666667 0.08425925925925926
3 0.7469375 0.7081666666666666 0.008624999999999999 0.03288888888888889
2 0.48777604166666666 0.7136851851851851 0.010229166666666668 0.03509259259259259
