2 0.6189814814814815 0.46145833333333336 0.03425925925925926 0.008333333333333333
0 0.44305555555555554 0.25494791666666666 0.010185185185185186 0.005729166666666666
2 0.7 0.5708333333333333 0.03333333333333333 0.007291666666666667
2 0.6013888888888889 0.46380208333333334 0.041666666666666664 0.009895833333333333
2 0.6648148148148147 0.43385416666666665 0.03518518518518519 0.007291666666666667
2 0.39722222222222225 0.5463541666666667 0.05185185185185185 0.016666666666666666
2 0.6458333333333333 0.5877604166666667 0.03796296296296296 0.0078125
2 0.6254629629629629 0.4947916666666667 0.04351851851851852 0.008333333333333333
2 0.5643518518518518 0.6036458333333333 0.04537037037037037 0.010416666666666666
2 0.5962962962962963 0.6205729166666667 0.04259259259259259 0.008854166666666666
2 0.4555555555555556 0.7419270833333333 0.04814814814814815 0.0109375
1 0.5861111111111111 0.9248802083333333 0.046296296296296294 0.0125
2 0.6643518518518519 0.5583333333333333 0.03796296296296296 0.008333333333333333
2 0.5523148148148148 0.66640625 0.04722222222222222 0.013020833333333334
2 0.6162037037037037 0.22473958333333333 0.041666666666666664 0.008854166666666666
2 0.5819444444444444 0.6450520833333333 0.04722222222222222 0.011979166666666667
2 0.5138888888888888 0.5255208333333333 0.05185185185185185 0.010416666666666666
2 0.5305555555555556 0.22526041666666666 0.04814814814814815 0.013020833333333334
2 0.5268518518518519 0.33619791666666665 0.05 0.009895833333333333
3 0.6023148148148147 0.4783854166666667 0.041666666666666664 0.013020833333333334
2 0.437037037037037 0.23671875 0.05740740740740741 0.015104166666666667
2 0.2694444444444445 0.8268229166666666 0.05925925925925926 0.019270833333333334
3 0.1421296296296296 0.9526041666666667 0.08425925925925926 0.029166666666666667
3 0.7081666666666666 0.2530625 0.03288888888888889 0.008624999999999999
2 0.7136851851851851 0.5122239583333333 0.03509259259259259 0.010229166666666668
