0 0.47175925925925927 0.5916666666666667 0.010185185185185186 0.00625
2 0.19537037037037036 0.3888020833333333 0.03518518518518519 0.0078125
2 0.3333333333333333 0.3872395833333333 0.05 0.0140625
3 0.32845370370370375 0.491953125 0.05135185185185185 0.020364583333333335
2 0.25833333333333336 0.7427083333333333 0.044444444444444446 0.011458333333333333
2 0.26990740740740743 0.4861979166666667 0.04537037037037037 0.0140625
2 0.2861111111111111 0.26145833333333335 0.04814814814814815 0.010416666666666666
2 0.32175925925925924 0.33671874999999996 0.04722222222222222 0.0140625
2 0.39305555555555555 0.3666666666666667 0.06018518518518518 0.015625
2 0.25787037037037036 0.28541666666666665 0.04537037037037037 0.013541666666666667
2 0.32314814814814813 0.21588541666666672 0.053703703703703705 0.0109375
2 0.36898148148148147 0.8739583333333334 0.05648148148148148 0.013541666666666667
2 0.43842592592592594 0.6088541666666667 0.058333333333333334 0.025
2 0.475462962962963 0.34062499999999996 0.058333333333333334 0.019791666666666666
2 0.3875 0.9096354166666667 0.058333333333333334 0.0171875
2 0.399537037037037 0.2515625 0.05277777777777778 0.014583333333333334
2 0.4162037037037037 0.18463541666666672 0.06018518518518518 0.018229166666666668
2 0.8712962962962963 0.3408854166666667 0.09074074074074075 0.0328125
2 0.5337962962962963 0.18463541666666672 0.0712962962962963 0.0171875
2 0.5856481481481481 0.43203125 0.07314814814814814 0.022395833333333334
2 0.5365740740740741 0.30390625000000004 0.0712962962962963 0.018229166666666668
2 0.5370370370370371 0.11640625000000004 0.06481481481481481 0.016145833333333335
3 0.19341666666666665 0.7390989583333334 0.039657407407407405 0.012807291666666666
