2 0.4044270833333333 0.8217592592592593 0.0109375 0.03981481481481482
3 0.008854166666666718 0.02314814814814814 0.014583333333333334 0.044444444444444446
2 0.6502604166666667 0.5435185185185185 0.019270833333333334 0.07222222222222222
2 0.6252604166666667 0.6569444444444444 0.0140625 0.058333333333333334
2 0.60625 0.7092592592592593 0.015625 0.05185185185185185
2 0.2872395833333333 0.6449074074074075 0.0140625 0.058333333333333334
2 0.42317708333333337 0.7597222222222222 0.0078125 0.04722222222222222
2 0.65703125 0.5972222222222222 0.015104166666666667 0.06296296296296296
2 0.21796875000000004 0.7175925925925926 0.015104166666666667 0.05
3 0.5247395833333333 0.5657407407407408 0.013020833333333334 0.06851851851851852
2 0.7252604166666667 0.4444444444444444 0.019270833333333334 0.07777777777777778
2 0.5354166666666667 0.6490740740740741 0.011458333333333333 0.05555555555555555
2 0.36744791666666665 0.5532407407407407 0.018229166666666668 0.07314814814814814
2 0.6822916666666667 0.5652777777777778 0.014583333333333334 0.06388888888888888
2 0.3661458333333333 0.6254629629629629 0.013541666666666667 0.06018518518518518
2 0.4859375 0.6847222222222222 0.011458333333333333 0.05462962962962963
2 0.19374999999999998 0.5199074074074075 0.016666666666666666 0.07685185185185185
2 0.5536458333333334 0.6300925925925926 0.014583333333333334 0.06574074074074074
2 0.49192708333333335 0.43101851851851847 0.016145833333333335 0.0787037037037037
2 0.6078125 0.48703703703703705 0.017708333333333333 0.07222222222222222
2 0.5713541666666666 0.10833333333333328 0.020833333333333332 0.12037037037037036
2 0.604578125 0.7267407407407407 0.011276041666666665 0.04906481481481482
3 0.5279166666666667 0.8401944444444445 0.008989583333333334 0.04085185185185185
0 0.2542864583333333 0.6863148148148148 0.005411458333333333 0.01101851851851852
