2 0.3989583333333333 0.650462962962963 0.0125 0.05092592592592592
2 0.3666666666666667 0.6129629629629629 0.017708333333333333 0.04259259259259259
1 0.25546875 0.5643518518518518 0.0140625 0.049074074074074076
2 0.2638020833333333 0.5412037037037036 0.0171875 0.06759259259259259
2 0.453125 0.624074074074074 0.011458333333333333 0.05740740740740741
2 0.23723958333333328 0.5212962962962964 0.0140625 0.06111111111111111
2 0.48411458333333335 0.5175925925925926 0.016145833333333335 0.06481481481481481
2 0.32734375000000004 0.5152777777777777 0.025520833333333333 0.06574074074074074
2 0.2690104166666667 0.4828703703703704 0.027604166666666666 0.0787037037037037
2 0.6403489583333333 0.6142685185185186 0.021322916666666667 0.0640462962962963
2 0.3041666666666667 0.5574074074074074 0.022916666666666665 0.05740740740740741
3 0.7479166666666667 0.6550925925925926 0.015625 0.062037037037037036
2 0.4203125 0.5527777777777778 0.016666666666666666 0.07222222222222222
2 0.5221354166666667 0.6310185185185185 0.0265625 0.06388888888888888
2 0.38046875 0.5745370370370371 0.021354166666666667 0.06018518518518518
2 0.4184895833333333 0.5101851851851852 0.028645833333333332 0.06111111111111111
2 0.61953125 0.5407407407407407 0.011979166666666667 0.07592592592592592
2 0.7674479166666667 0.6699074074074074 0.015104166666666667 0.062037037037037036
2 0.5611979166666667 0.47962962962962963 0.016145833333333335 0.08148148148148149
2 0.27890625 0.437962962962963 0.0234375 0.0962962962962963
2 0.9153645833333334 0.4481481481481482 0.024479166666666666 0.08333333333333333
0 0.39094270833333333 0.6253888888888889 0.006598958333333333 0.009712962962962963
