2 0.17824074074074073 0.4044270833333333 0.03981481481481482 0.0109375
3 0.9768518518518519 0.008854166666666718 0.044444444444444446 0.014583333333333334
2 0.4564814814814815 0.6502604166666667 0.07222222222222222 0.019270833333333334
2 0.34305555555555556 0.6252604166666667 0.058333333333333334 0.0140625
2 0.29074074074074074 0.60625 0.05185185185185185 0.015625
2 0.35509259259259257 0.2872395833333333 0.058333333333333334 0.0140625
2 0.24027777777777778 0.42317708333333337 0.04722222222222222 0.0078125
2 0.4027777777777778 0.65703125 0.06296296296296296 0.015104166666666667
2 0.2824074074074074 0.21796875000000004 0.05 0.015104166666666667
3 0.43425925925925923 0.5247395833333333 0.06851851851851852 0.013020833333333334
2 0.5555555555555556 0.7252604166666667 0.07777777777777778 0.019270833333333334
2 0.3509259259259259 0.5354166666666667 0.05555555555555555 0.011458333333333333
2 0.44675925925925924 0.36744791666666665 0.07314814814814814 0.018229166666666668
2 0.43472222222222223 0.6822916666666667 0.06388888888888888 0.014583333333333334
2 0.37453703703703706 0.3661458333333333 0.06018518518518518 0.013541666666666667
2 0.31527777777777777 0.4859375 0.05462962962962963 0.011458333333333333
2 0.48009259259259257 0.19374999999999998 0.07685185185185185 0.016666666666666666
2 0.3699074074074074 0.5536458333333334 0.06574074074074074 0.014583333333333334
2 0.5689814814814815 0.49192708333333335 0.0787037037037037 0.016145833333333335
2 0.512962962962963 0.6078125 0.07222222222222222 0.017708333333333333
2 0.8916666666666667 0.5713541666666666 0.12037037037037036 0.020833333333333332
2 0.27325925925925926 0.604578125 0.04906481481481482 0.011276041666666665
3 0.15980555555555556 0.5279166666666667 0.04085185185185185 0.008989583333333334
0 0.3136851851851852 0.2542864583333333 0.01101851851851852 0.005411458333333333
