2 0.8217592592592593 0.5955729166666667 0.03981481481481482 0.0109375
3 0.02314814814814814 0.9911458333333333 0.044444444444444446 0.014583333333333334
2 0.5435185185185185 0.3497395833333333 0.07222222222222222 0.019270833333333334
2 0.6569444444444444 0.37473958333333335 0.058333333333333334 0.0140625
2 0.7092592592592593 0.39375 0.05185185185185185 0.015625
2 0.6449074074074075 0.7127604166666667 0.058333333333333334 0.0140625
2 0.7597222222222222 0.5768229166666666 0.04722222222222222 0.0078125
2 0.5972222222222222 0.34296875 0.06296296296296296 0.015104166666666667
2 0.7175925925925926 0.78203125 0.05 0.015104166666666667
3 0.5657407407407408 0.4752604166666667 0.06851851851851852 0.013020833333333334
2 0.4444444444444444 0.2747395833333333 0.07777777777777778 0.019270833333333334
2 0.6490740740740741 0.46458333333333335 0.05555555555555555 0.011458333333333333
2 0.5532407407407407 0.6325520833333333 0.07314814814814814 0.018229166666666668
2 0.5652777777777778 0.3177083333333333 0.06388888888888888 0.014583333333333334
2 0.6254629629629629 0.6338541666666667 0.06018518518518518 0.013541666666666667
2 0.6847222222222222 0.5140625 0.05462962962962963 0.011458333333333333
2 0.5199074074074075 0.80625 0.07685185185185185 0.016666666666666666
2 0.6300925925925926 0.44635416666666666 0.06574074074074074 0.014583333333333334
2 0.43101851851851847 0.5080729166666667 0.0787037037037037 0.016145833333333335
2 0.48703703703703705 0.3921875 0.07222222222222222 0.017708333333333333
2 0.10833333333333328 0.42864583333333334 0.12037037037037036 0.020833333333333332
2 0.7267407407407407 0.39542187500000003 0.04906481481481482 0.011276041666666665
3 0.8401944444444445 0.4720833333333333 0.04085185185185185 0.008989583333333334
0 0.6863148148148148 0.7457135416666667 0.01101851851851852 0.005411458333333333
