3 0.5596354166666666 0.9328703703703703 0.009895833333333333 0.03425925925925926
2 0.44895833333333335 0.9087962962962963 0.011458333333333333 0.04351851851851852
0 0.18932291666666667 0.36111111111111116 0.0078125 0.012962962962962963
2 0.6294270833333333 0.8074074074074074 0.011979166666666667 0.053703703703703705
2 0.64140625 0.7782407407407408 0.0078125 0.05462962962962963
2 0.709375 0.6518518518518519 0.015625 0.07222222222222222
2 0.5440104166666666 0.6125 0.011979166666666667 0.0712962962962963
2 0.34348958333333335 0.6287037037037038 0.009895833333333333 0.07592592592592592
2 0.5049479166666666 0.7509259259259259 0.013020833333333334 0.06111111111111111
2 0.7606770833333334 0.5532407407407407 0.013020833333333334 0.0787037037037037
2 0.3966145833333333 0.8148148148148149 0.011979166666666667 0.05740740740740741
2 0.5799479166666667 0.6759259259259259 0.0171875 0.06296296296296296
2 0.53984375 0.4527777777777777 0.015104166666666667 0.09444444444444444
3 0.6015625 0.5930555555555556 0.015625 0.07685185185185185
2 0.55234375 0.3944444444444445 0.019270833333333334 0.08888888888888889
2 0.40546875000000004 0.6810185185185185 0.03177083333333333 0.06944444444444445
2 0.09375 0.7236111111111111 0.015625 0.06759259259259259
2 0.7361979166666667 0.5930555555555556 0.0171875 0.0787037037037037
2 0.81171875 0.3291666666666667 0.021354166666666667 0.09907407407407408
2 0.7911458333333333 0.37916666666666665 0.021875 0.0824074074074074
2 0.32838541666666665 0.336574074074074 0.0296875 0.09351851851851851
2 0.5734375 0.12314814814814812 0.029166666666666667 0.10925925925925926
2 0.17395833333333333 0.3824074074074074 0.03854166666666667 0.09444444444444444
