3 0.06712962962962964 0.5596354166666666 0.03425925925925926 0.009895833333333333
2 0.0912037037037037 0.44895833333333335 0.04351851851851852 0.011458333333333333
0 0.6388888888888888 0.18932291666666667 0.012962962962962963 0.0078125
2 0.1925925925925926 0.6294270833333333 0.053703703703703705 0.011979166666666667
2 0.22175925925925927 0.64140625 0.05462962962962963 0.0078125
2 0.34814814814814815 0.709375 0.07222222222222222 0.015625
2 0.3875 0.5440104166666666 0.0712962962962963 0.011979166666666667
2 0.3712962962962963 0.34348958333333335 0.07592592592592592 0.009895833333333333
2 0.2490740740740741 0.5049479166666666 0.06111111111111111 0.013020833333333334
2 0.44675925925925924 0.7606770833333334 0.0787037037037037 0.013020833333333334
2 0.18518518518518517 0.3966145833333333 0.05740740740740741 0.011979166666666667
2 0.32407407407407407 0.5799479166666667 0.06296296296296296 0.0171875
2 0.5472222222222223 0.53984375 0.09444444444444444 0.015104166666666667
3 0.40694444444444444 0.6015625 0.07685185185185185 0.015625
2 0.6055555555555555 0.55234375 0.08888888888888889 0.019270833333333334
2 0.3189814814814815 0.40546875000000004 0.06944444444444445 0.03177083333333333
2 0.2763888888888889 0.09375 0.06759259259259259 0.015625
2 0.40694444444444444 0.7361979166666667 0.0787037037037037 0.0171875
2 0.6708333333333333 0.81171875 0.09907407407407408 0.021354166666666667
2 0.6208333333333333 0.7911458333333333 0.0824074074074074 0.021875
2 0.663425925925926 0.32838541666666665 0.09351851851851851 0.0296875
2 0.8768518518518519 0.5734375 0.10925925925925926 0.029166666666666667
2 0.6175925925925926 0.17395833333333333 0.09444444444444444 0.03854166666666667
