1 0.6546296296296297 0.8794270833333333 0.04814814814814815 0.0140625
2 0.7473796296296297 0.5150572916666667 0.05407407407407407 0.009354166666666667
2 0.6660277777777778 0.8377604166666667 0.05128703703703704 0.015104166666666667
2 0.7782407407407408 0.5778645833333333 0.05462962962962963 0.0140625
2 0.7768518518518519 0.5222708333333334 0.04814814814814815 0.0125
2 0.7347222222222223 0.52109375 0.05277777777777778 0.013020833333333334
2 0.6231481481481482 0.88671875 0.05925925925925926 0.011979166666666667
2 0.7652777777777777 0.5520833333333334 0.05092592592592592 0.013541666666666667
2 0.6898148148148149 0.72265625 0.04814814814814815 0.0109375
2 0.6879629629629629 0.40598958333333335 0.06296296296296296 0.0109375
2 0.7699074074074074 0.38723958333333336 0.05092592592592592 0.009895833333333333
3 0.7240740740740741 0.4609375 0.05925925925925926 0.021875
2 0.6703703703703704 0.5921875 0.05185185185185185 0.010416666666666666
2 0.7185185185185186 0.5458333333333333 0.06111111111111111 0.0125
2 0.6199074074074074 0.84296875 0.06574074074074074 0.015104166666666667
2 0.6967592592592593 0.7028645833333333 0.058333333333333334 0.013020833333333334
2 0.6009259259259259 0.7908854166666667 0.06296296296296296 0.011979166666666667
2 0.6768518518518518 0.7416666666666667 0.06666666666666667 0.015625
2 0.6606481481481481 0.20442708333333334 0.0712962962962963 0.013020833333333334
2 0.6458333333333333 0.16848958333333333 0.06944444444444445 0.021354166666666667
2 0.5291666666666667 0.4640625 0.07685185185185185 0.016666666666666666
2 0.7092592592592593 0.08515625 0.06666666666666667 0.018229166666666668
