2 0.40598958333333335 0.650462962962963 0.0067708333333333336 0.030555555555555555
2 0.37968749999999996 0.575925925925926 0.008333333333333333 0.04814814814814815
2 0.3845208333333333 0.5665833333333334 0.01334375 0.04242592592592593
2 0.17682291666666672 0.5662037037037038 0.008854166666666666 0.04351851851851852
2 0.4786458333333333 0.6268518518518518 0.00625 0.03148148148148148
2 0.5921875 0.6296296296296297 0.007291666666666667 0.03333333333333333
2 0.22968750000000004 0.6069444444444445 0.008333333333333333 0.03611111111111111
2 0.2520833333333333 0.5972222222222222 0.010416666666666666 0.03888888888888889
3 0.34505208333333337 0.5939814814814814 0.0109375 0.041666666666666664
2 0.5817708333333333 0.4925925925925926 0.011458333333333333 0.053703703703703705
2 0.35677083333333337 0.49768518518518523 0.009375 0.05277777777777778
2 0.13203125000000004 0.4740740740740741 0.011979166666666667 0.05740740740740741
2 0.6583333333333333 0.6032407407407407 0.008333333333333333 0.041666666666666664
2 0.5671875 0.5708333333333333 0.009375 0.041666666666666664
1 0.91953125 0.5407407407407407 0.0171875 0.046296296296296294
2 0.17734375000000002 0.46851851851851856 0.013020833333333334 0.06111111111111111
2 0.7955729166666666 0.5532407407407407 0.008854166666666666 0.04537037037037037
2 0.52890625 0.3763888888888889 0.0140625 0.06574074074074074
2 0.5802083333333333 0.40555555555555556 0.014583333333333334 0.06296296296296296
2 0.14427083333333335 0.4199074074074074 0.015625 0.062037037037037036
2 0.54609375 0.46851851851851856 0.015104166666666667 0.05185185185185185
0 0.7448177083333334 0.46218518518518514 0.00765625 0.014944444444444444
2 0.6845729166666666 0.5667222222222222 0.015145833333333332 0.03830555555555555
3 0.6318177083333334 0.6757222222222222 0.007078125 0.028694444444444443
