2 0.653125 0.6689814814814814 0.007291666666666667 0.03425925925925926
1 0.8013020833333333 0.6569444444444444 0.009895833333333333 0.03611111111111111
2 0.65859375 0.6546296296296297 0.0078125 0.03518518518518519
3 0.5799479166666667 0.7226851851851852 0.0067708333333333336 0.026851851851851852
2 0.55859375 0.6893518518518518 0.005729166666666666 0.028703703703703703
2 0.67265625 0.6731481481481482 0.0078125 0.037037037037037035
2 0.3158854166666667 0.6805555555555556 0.0078125 0.027777777777777776
2 0.4994791666666667 0.6828703703703703 0.007291666666666667 0.03425925925925926
2 0.703125 0.6537037037037037 0.0125 0.03888888888888889
2 0.6372395833333333 0.6458333333333333 0.008854166666666666 0.03611111111111111
2 0.6700520833333333 0.6189814814814815 0.013020833333333334 0.041666666666666664
2 0.6125 0.6726851851851852 0.008333333333333333 0.03981481481481482
2 0.50078125 0.6416944444444443 0.008098958333333333 0.04264814814814815
2 0.43515625 0.6773148148148148 0.0078125 0.03796296296296296
2 0.734375 0.6287037037037038 0.009375 0.044444444444444446
2 0.1997395833333333 0.6527777777777778 0.0078125 0.03888888888888889
2 0.23255208333333333 0.6592592592592592 0.011979166666666667 0.03518518518518519
2 0.1841145833333333 0.5449074074074074 0.011979166666666667 0.058333333333333334
2 0.20026041666666672 0.5620370370370371 0.011979166666666667 0.05740740740740741
2 0.1333333333333333 0.587962962962963 0.0125 0.05185185185185185
3 0.03515625 0.12824074074074077 0.025520833333333333 0.11203703703703703
3 0.499484375 0.6577037037037037 0.017708333333333333 0.039685185185185184
2 0.5358697916666666 0.711324074074074 0.011130208333333334 0.027824074074074074
2 0.5241822916666666 0.7037407407407408 0.009286458333333332 0.03158333333333333
0 0.5172552083333333 0.701212962962963 0.004697916666666666 0.008046296296296296
