1 0.3388888888888889 0.7870364583333334 0.037037037037037035 0.008333333333333333
2 0.3125 0.5674479166666666 0.03611111111111111 0.008854166666666666
2 0.324537037037037 0.5619791666666667 0.028703703703703703 0.007291666666666667
2 0.3314814814814815 0.6541666666666667 0.03888888888888889 0.010416666666666666
2 0.33935185185185185 0.684375 0.03425925925925926 0.009375
2 0.3587962962962963 0.6484375 0.03796296296296296 0.010416666666666666
2 0.362962962962963 0.5809895833333334 0.03888888888888889 0.0109375
2 0.3435185185185185 0.27213541666666663 0.03888888888888889 0.0078125
2 0.34120370370370373 0.6994791666666667 0.03796296296296296 0.008333333333333333
2 0.3773148148148148 0.7098958333333334 0.041666666666666664 0.009375
2 0.3680555555555556 0.7213541666666667 0.041666666666666664 0.008333333333333333
2 0.3537037037037037 0.4111979166666667 0.044444444444444446 0.0109375
2 0.3398148148148148 0.5033854166666667 0.037037037037037035 0.0078125
3 0.36203703703703705 0.5307291666666667 0.040740740740740744 0.011458333333333333
2 0.3662037037037037 0.47109375 0.04351851851851852 0.008854166666666666
2 0.3819444444444444 0.10572916666666665 0.04537037037037037 0.007291666666666667
2 0.36527777777777776 0.14921874999999996 0.041666666666666664 0.013020833333333334
2 0.44814814814814813 0.10026041666666663 0.05925925925925926 0.016145833333333335
2 0.46435185185185185 0.1401041666666667 0.06018518518518518 0.010416666666666666
2 0.4898148148148148 0.13541666666666663 0.06481481481481481 0.015625
2 0.3173425925925926 0.6329947916666667 0.025287037037037035 0.011328125
2 0.31371296296296297 0.6232656249999999 0.031574074074074074 0.011895833333333333
0 0.32678703703703704 0.6172760416666667 0.00687037037037037 0.0032604166666666667
3 0.2723611111111111 0.5621770833333333 0.027712962962962964 0.007
