2 0.3537037037037037 0.3481770833333333 0.02962962962962963 0.0067708333333333336
2 0.3736111111111111 0.5286458333333333 0.03611111111111111 0.009375
2 0.4027777777777778 0.19921875 0.03518518518518519 0.009895833333333333
3 0.41203703703703703 0.3481770833333333 0.040740740740740744 0.013020833333333334
2 0.3814814814814815 0.4354166666666667 0.03518518518518519 0.008333333333333333
1 0.49027777777777776 0.9151041666666666 0.04722222222222222 0.0125
2 0.42407407407407405 0.19114583333333335 0.03518518518518519 0.009375
2 0.3962962962962963 0.6799479166666667 0.03518518518518519 0.0078125
2 0.4537037037037037 0.5309895833333333 0.046296296296296294 0.008854166666666666
2 0.4425925925925926 0.31484375 0.044444444444444446 0.008854166666666666
2 0.4375 0.3692708333333333 0.04537037037037037 0.009375
2 0.46805555555555556 0.7994791666666666 0.041666666666666664 0.0125
2 0.4708333333333333 0.7552083333333334 0.049074074074074076 0.009375
2 0.4375 0.15807291666666667 0.041666666666666664 0.011979166666666667
2 0.5291666666666667 0.34635416666666663 0.05462962962962963 0.011458333333333333
2 0.5074074074074074 0.5893229166666667 0.053703703703703705 0.0140625
2 0.5615740740740741 0.15598958333333335 0.062037037037037036 0.0140625
2 0.5370370370370371 0.13411458333333337 0.05740740740740741 0.015104166666666667
2 0.6888888888888889 0.40208333333333335 0.07777777777777778 0.015625
2 0.5708333333333333 0.41927083333333337 0.058333333333333334 0.017708333333333333
2 0.6078703703703704 0.109375 0.06759259259259259 0.015625
2 0.6166666666666667 0.5283854166666666 0.07222222222222222 0.011979166666666667
0 0.5181481481481481 0.905109375 0.011953703703703704 0.005614583333333333
3 0.32564814814814813 0.5819114583333334 0.0285 0.006869791666666666
