1 0.6611111111111111 0.21296354166666664 0.037037037037037035 0.008333333333333333
2 0.6875 0.4325520833333334 0.03611111111111111 0.008854166666666666
2 0.6754629629629629 0.4380208333333333 0.028703703703703703 0.007291666666666667
2 0.6685185185185185 0.3458333333333333 0.03888888888888889 0.010416666666666666
2 0.6606481481481481 0.31562500000000004 0.03425925925925926 0.009375
2 0.6412037037037037 0.3515625 0.03796296296296296 0.010416666666666666
2 0.6370370370370371 0.4190104166666666 0.03888888888888889 0.0109375
2 0.6564814814814814 0.7278645833333334 0.03888888888888889 0.0078125
2 0.6587962962962963 0.30052083333333335 0.03796296296296296 0.008333333333333333
2 0.6226851851851851 0.2901041666666666 0.041666666666666664 0.009375
2 0.6319444444444444 0.27864583333333326 0.041666666666666664 0.008333333333333333
2 0.6462962962962964 0.5888020833333333 0.044444444444444446 0.0109375
2 0.6601851851851852 0.4966145833333333 0.037037037037037035 0.0078125
3 0.637962962962963 0.4692708333333333 0.040740740740740744 0.011458333333333333
2 0.6337962962962963 0.52890625 0.04351851851851852 0.008854166666666666
2 0.6180555555555556 0.8942708333333333 0.04537037037037037 0.007291666666666667
2 0.6347222222222222 0.85078125 0.041666666666666664 0.013020833333333334
2 0.5518518518518518 0.8997395833333334 0.05925925925925926 0.016145833333333335
2 0.5356481481481481 0.8598958333333333 0.06018518518518518 0.010416666666666666
2 0.5101851851851852 0.8645833333333334 0.06481481481481481 0.015625
2 0.6826574074074074 0.3670052083333333 0.025287037037037035 0.011328125
2 0.6862870370370371 0.37673437500000007 0.031574074074074074 0.011895833333333333
0 0.673212962962963 0.3827239583333333 0.00687037037037037 0.0032604166666666667
3 0.727638888888889 0.43782291666666673 0.027712962962962964 0.007
