0 0.6231481481481482 0.4002604166666667 0.011111111111111112 0.0046875
3 0.7136666666666667 0.13804166666666667 0.03896296296296296 0.008854166666666666
2 0.6795092592592593 0.66753125 0.03888888888888889 0.008854166666666666
2 0.7018518518518518 0.44453125 0.02962962962962963 0.0078125
2 0.7212962962962963 0.511921875 0.034499999999999996 0.00684375
2 0.7080833333333334 0.5489427083333334 0.03938888888888889 0.010375
2 0.7282407407407407 0.46927083333333336 0.032407407407407406 0.00625
2 0.7078703703703704 0.5861979166666667 0.03611111111111111 0.0078125
1 0.6833333333333333 0.8572916666666667 0.040740740740740744 0.011458333333333333
2 0.7226851851851852 0.3484375 0.030555555555555555 0.007291666666666667
2 0.7208333333333333 0.35885416666666664 0.03425925925925926 0.008333333333333333
2 0.7055555555555555 0.31302083333333336 0.03518518518518519 0.009375
3 0.674537037037037 0.44114583333333335 0.04351851851851852 0.009375
2 0.7055555555555555 0.5802083333333333 0.03518518518518519 0.007291666666666667
2 0.6875 0.13958333333333334 0.04537037037037037 0.010416666666666666
2 0.6892685185185186 0.15625 0.0415 0.010416666666666666
2 0.6416666666666666 0.12005208333333334 0.044444444444444446 0.0109375
2 0.6958333333333333 0.47604166666666664 0.041666666666666664 0.008333333333333333
2 0.6060185185185185 0.12890625 0.049074074074074076 0.009895833333333333
2 0.675 0.6493333333333333 0.046296296296296294 0.011744791666666667
2 0.6736111111111112 0.46510416666666665 0.041666666666666664 0.010416666666666666
2 0.587962962962963 0.2518229166666667 0.05185185185185185 0.0234375
2 0.6555555555555556 0.6653645833333334 0.04814814814814815 0.0109375
2 0.653787037037037 0.43942708333333336 0.032546296296296295 0.013802083333333333
