2 0.650462962962963 0.5940104166666667 0.030555555555555555 0.0067708333333333336
2 0.575925925925926 0.6203125 0.04814814814814815 0.008333333333333333
2 0.5665833333333334 0.6154791666666667 0.04242592592592593 0.01334375
2 0.5662037037037038 0.8231770833333333 0.04351851851851852 0.008854166666666666
2 0.6268518518518518 0.5213541666666667 0.03148148148148148 0.00625
2 0.6296296296296297 0.4078125 0.03333333333333333 0.007291666666666667
2 0.6069444444444445 0.7703125 0.03611111111111111 0.008333333333333333
2 0.5972222222222222 0.7479166666666667 0.03888888888888889 0.010416666666666666
3 0.5939814814814814 0.6549479166666666 0.041666666666666664 0.0109375
2 0.4925925925925926 0.41822916666666665 0.053703703703703705 0.011458333333333333
2 0.49768518518518523 0.6432291666666666 0.05277777777777778 0.009375
2 0.4740740740740741 0.86796875 0.05740740740740741 0.011979166666666667
2 0.6032407407407407 0.3416666666666667 0.041666666666666664 0.008333333333333333
2 0.5708333333333333 0.4328125 0.041666666666666664 0.009375
1 0.5407407407407407 0.08046875 0.046296296296296294 0.0171875
2 0.46851851851851856 0.82265625 0.06111111111111111 0.013020833333333334
2 0.5532407407407407 0.20442708333333334 0.04537037037037037 0.008854166666666666
2 0.3763888888888889 0.47109375 0.06574074074074074 0.0140625
2 0.40555555555555556 0.4197916666666667 0.06296296296296296 0.014583333333333334
2 0.4199074074074074 0.8557291666666667 0.062037037037037036 0.015625
2 0.46851851851851856 0.45390625 0.05185185185185185 0.015104166666666667
0 0.46218518518518514 0.25518229166666667 0.014944444444444444 0.00765625
2 0.5667222222222222 0.31542708333333336 0.03830555555555555 0.015145833333333332
3 0.6757222222222222 0.36818229166666666 0.028694444444444443 0.007078125
