2 0.2645833333333333 0.6550925925925926 0.007291666666666667 0.03611111111111111
2 0.4190104166666667 0.6773148148148148 0.0067708333333333336 0.03611111111111111
2 0.3286458333333333 0.6467592592592593 0.007291666666666667 0.03611111111111111
2 0.23072916666666665 0.6254629629629629 0.008333333333333333 0.041666666666666664
2 0.3330729166666667 0.6087962962962963 0.009895833333333333 0.03796296296296296
2 0.6973958333333333 0.6856481481481482 0.0125 0.03425925925925926
2 0.2544270833333333 0.6398148148148148 0.0109375 0.040740740740740744
2 0.48046875 0.4111111111111111 0.009895833333333333 0.053703703703703705
2 0.2755208333333333 0.5439814814814814 0.013541666666666667 0.04351851851851852
2 0.5505208333333333 0.5675925925925926 0.011458333333333333 0.04814814814814815
2 0.5408854166666667 0.6060185185185185 0.0078125 0.03981481481481482
2 0.3036458333333333 0.4828703703703704 0.010416666666666666 0.05462962962962963
2 0.21380208333333328 0.5268518518518519 0.009895833333333333 0.05185185185185185
1 0.8046458333333333 0.6046296296296296 0.014583333333333334 0.046296296296296294
3 0.3706197916666666 0.6134259259259259 0.0109375 0.04351851851851852
2 0.6955729166666667 0.5611111111111111 0.008854166666666666 0.04814814814814815
3 0.11171874999999998 0.061111111111111116 0.027604166666666666 0.09074074074074075
2 0.2890625 0.399537037037037 0.016666666666666666 0.06388888888888888
2 0.2559895833333333 0.4287037037037037 0.016145833333333335 0.06111111111111111
2 0.88046875 0.461574074074074 0.0109375 0.06018518518518518
2 0.37265625 0.43240740740740746 0.0171875 0.05740740740740741
2 0.5643229166666667 0.17175925925925928 0.028645833333333332 0.075
0 0.7317239583333333 0.6203703703703703 0.005385416666666667 0.011601851851851851
3 0.6417395833333333 0.7459351851851852 0.008166666666666666 0.029268518518518517
