3 0.2898148148148148 0.5190416666666666 0.027777777777777776 0.0067708333333333336
2 0.3509259259259259 0.49739583333333337 0.03518518518518519 0.010416666666666666
2 0.3337962962962963 0.3653645833333333 0.032407407407407406 0.0078125
2 0.5986111111111111 0.44375 0.04351851851851852 0.014583333333333334
2 0.45092592592592595 0.38307291666666665 0.04259259259259259 0.0067708333333333336
2 0.43842592592592594 0.6046875 0.04537037037037037 0.010416666666666666
2 0.674537037037037 0.7169270833333333 0.05092592592592592 0.0109375
2 0.3925925925925926 0.21250000000000002 0.03888888888888889 0.009375
2 0.4634259259259259 0.48567708333333337 0.04537037037037037 0.009895833333333333
2 0.4152777777777778 0.3260416666666667 0.03981481481481482 0.00625
2 0.40694444444444444 0.5973958333333333 0.04722222222222222 0.009375
2 0.7546296296296297 0.35 0.07407407407407407 0.014583333333333334
2 0.7282407407407407 0.71640625 0.06759259259259259 0.015104166666666667
2 0.4962962962962963 0.6158854166666667 0.04814814814814815 0.0109375
2 0.47685185185185186 0.3721354166666667 0.05 0.008854166666666666
2 0.5236111111111111 0.30781250000000004 0.04537037037037037 0.013541666666666667
1 0.4064814814814815 0.8328125 0.04259259259259259 0.010416666666666666
3 0.9625 0.02630208333333328 0.075 0.0171875
2 0.4962962962962963 0.6255208333333333 0.05185185185185185 0.008333333333333333
2 0.3976851851851852 0.5072916666666667 0.03981481481481482 0.007291666666666667
3 0.4791666666666667 0.5268229166666667 0.05092592592592592 0.0109375
2 0.5296296296296297 0.5544270833333333 0.05 0.013020833333333334
2 0.5486111111111112 0.16510416666666672 0.05277777777777778 0.020833333333333332
0 0.5702962962962963 0.16542187499999994 0.01135185185185185 0.005802083333333334
