2 0.41805555555555557 0.3231770833333333 0.03981481481481482 0.011979166666666667
2 0.48009259259259257 0.1166666666666667 0.04537037037037037 0.015625
2 0.4222222222222222 0.37734375 0.04259259259259259 0.0067708333333333336
2 0.48703703703703705 0.13489583333333333 0.04814814814814815 0.011458333333333333
2 0.4787037037037037 0.47005208333333337 0.046296296296296294 0.013020833333333334
2 0.5013888888888889 0.4252604166666667 0.049074074074074076 0.0078125
2 0.37453703703703706 0.5825520833333333 0.032407407407407406 0.0078125
2 0.5805555555555556 0.765625 0.053703703703703705 0.009375
3 0.4513888888888889 0.48984375 0.04351851851851852 0.0109375
2 0.5944444444444444 0.31223958333333335 0.05925925925925926 0.009895833333333333
2 0.4513888888888889 0.82578125 0.041666666666666664 0.0109375
2 0.43472222222222223 0.8036458333333334 0.041666666666666664 0.009375
2 0.42268518518518516 0.5890625 0.041666666666666664 0.0125
2 0.5837962962962963 0.54140625 0.05462962962962963 0.0109375
2 0.7018518518518518 0.3963541666666667 0.06481481481481481 0.020833333333333332
2 0.5300925925925926 0.6354166666666667 0.05277777777777778 0.0125
2 0.7069444444444445 0.8880208333333334 0.06944444444444445 0.017708333333333333
2 0.6305555555555555 0.4643229166666667 0.06111111111111111 0.011979166666666667
2 0.5416666666666666 0.8921875 0.053703703703703705 0.014583333333333334
2 0.8050925925925926 0.87109375 0.0787037037037037 0.018229166666666668
2 0.7425925925925926 0.5598958333333333 0.06666666666666667 0.025
3 0.35609259259259257 0.919890625 0.03961111111111111 0.011416666666666667
