3 0.8885416666666667 0.7303425925925926 0.008333333333333333 0.03333333333333333
1 0.16640624999999998 0.6569444444444444 0.016145833333333335 0.03611111111111111
2 0.3466458333333333 0.64425 0.012552083333333333 0.04008333333333333
2 0.65 0.6657407407407407 0.009375 0.04259259259259259
3 0.5234375 0.6203703703703703 0.009375 0.046296296296296294
2 0.47421875 0.5861111111111111 0.0109375 0.046296296296296294
2 0.59296875 0.5430555555555556 0.008854166666666666 0.05648148148148148
2 0.6010416666666667 0.5472222222222223 0.015625 0.05740740740740741
2 0.853125 0.5333333333333333 0.011458333333333333 0.05925925925925926
2 0.3223958333333333 0.6375 0.016666666666666666 0.03981481481481482
2 0.79765625 0.2569444444444444 0.015104166666666667 0.07685185185185185
2 0.2700520833333333 0.5893518518518519 0.0171875 0.04722222222222222
2 0.4359375 0.6106481481481482 0.014583333333333334 0.04722222222222222
2 0.4893229166666667 0.6337962962962963 0.016145833333333335 0.04722222222222222
2 0.4552083333333333 0.5564814814814815 0.010416666666666666 0.053703703703703705
2 0.8880208333333334 0.39768518518518514 0.017708333333333333 0.0712962962962963
2 0.8354166666666667 0.5458333333333334 0.016666666666666666 0.05277777777777778
2 0.5744791666666667 0.4930555555555556 0.0125 0.058333333333333334
2 0.26041666666666663 0.48796296296296293 0.014583333333333334 0.053703703703703705
2 0.8677083333333333 0.2791666666666667 0.020833333333333332 0.08425925925925926
2 0.61484375 0.40509259259259256 0.0234375 0.06018518518518518
2 0.34049479166666663 0.650425925925926 0.010859375000000001 0.03737962962962963
2 0.34990625 0.6548703703703704 0.015317708333333334 0.04705555555555556
