2 0.3277777777777778 0.5888020833333334 0.03148148148148148 0.0067708333333333336
2 0.38935185185185184 0.2953125 0.03611111111111111 0.008333333333333333
2 0.4351851851851852 0.5979166666666667 0.04259259259259259 0.008333333333333333
2 0.475 0.7453125 0.044444444444444446 0.008333333333333333
2 0.37877777777777777 0.5813333333333333 0.03719444444444445 0.006083333333333333
1 0.449537037037037 0.12213541666666672 0.041666666666666664 0.009895833333333333
2 0.6995370370370371 0.6497395833333333 0.062037037037037036 0.0140625
2 0.4638888888888889 0.7135416666666667 0.04259259259259259 0.010416666666666666
3 0.49212962962962964 0.6322916666666667 0.049074074074074076 0.009375
2 0.39537037037037037 0.7174479166666667 0.03888888888888889 0.008854166666666666
2 0.40925925925925927 0.5557291666666666 0.03888888888888889 0.009375
2 0.5689814814814815 0.33281249999999996 0.05092592592592592 0.010416666666666666
2 0.5611111111111111 0.6479166666666667 0.05185185185185185 0.010416666666666666
2 0.674074074074074 0.4354166666666667 0.05555555555555555 0.011458333333333333
2 0.45925925925925926 0.37578124999999996 0.046296296296296294 0.009895833333333333
2 0.5745370370370371 0.7239583333333333 0.05462962962962963 0.011458333333333333
2 0.5685185185185185 0.7786458333333334 0.05740740740740741 0.010416666666666666
2 0.687037037037037 0.73515625 0.06111111111111111 0.016145833333333335
2 0.7513888888888889 0.25859374999999996 0.06759259259259259 0.009895833333333333
3 0.7458333333333333 0.023177083333333348 0.06574074074074074 0.0203125
2 0.6083333333333333 0.14218750000000002 0.05925925925925926 0.0125
2 0.5097222222222222 0.46744791666666663 0.04722222222222222 0.0109375
2 0.6138888888888889 0.8091145833333333 0.06296296296296296 0.013020833333333334
0 0.41450000000000004 0.2929583333333333 0.007620370370370371 0.004505208333333333
3 0.3137592592592593 0.74334375 0.02846296296296296 0.0059375
