2 0.6976851851851852 0.8057291666666667 0.026851851851851852 0.009375
2 0.700925925925926 0.71875 0.02962962962962963 0.007291666666666667
2 0.5930555555555556 0.40234375 0.04722222222222222 0.009895833333333333
1 0.5698333333333334 0.020833333333333332 0.049074074074074076 0.009375
2 0.5756296296296297 0.8842864583333333 0.044000000000000004 0.01371875
2 0.6759259259259259 0.56171875 0.03518518518518519 0.0067708333333333336
2 0.6254629629629629 0.59921875 0.03981481481481482 0.0078125
2 0.4990740740740741 0.40572916666666664 0.05555555555555555 0.010416666666666666
2 0.5412037037037036 0.5049479166666667 0.04722222222222222 0.0078125
2 0.6402777777777777 0.6802083333333333 0.03796296296296296 0.011458333333333333
2 0.6287037037037038 0.6291666666666667 0.03888888888888889 0.009375
2 0.6328703703703704 0.40859375 0.041666666666666664 0.0078125
3 0.5763888888888888 0.61171875 0.04537037037037037 0.011979166666666667
2 0.5217592592592593 0.5268229166666667 0.05092592592592592 0.009895833333333333
2 0.48888888888888893 0.8223958333333333 0.05185185185185185 0.014583333333333334
2 0.4268518518518518 0.409375 0.05740740740740741 0.015625
2 0.5796296296296296 0.80234375 0.044444444444444446 0.013020833333333334
2 0.2939814814814815 0.5557291666666667 0.06574074074074074 0.013541666666666667
2 0.29212962962962963 0.5908854166666667 0.06944444444444445 0.0171875
2 0.35462962962962963 0.8239583333333333 0.06296296296296296 0.021875
2 0.5864722222222223 0.88059375 0.044787037037037035 0.012390624999999999
0 0.6869814814814814 0.7967031250000001 0.006101851851851851 0.0031093749999999997
3 0.7136111111111111 0.39968229166666663 0.030490740740740742 0.008140625
