2 0.37861111111111106 0.21395833333333336 0.0442962962962963 0.0080625
2 0.34629629629629627 0.2221354166666667 0.037037037037037035 0.0078125
2 0.3675925925925926 0.20963541666666663 0.046296296296296294 0.0109375
2 0.5231481481481481 0.2559895833333333 0.053703703703703705 0.008854166666666666
2 0.2810185185185185 0.4330729166666667 0.032407407407407406 0.0067708333333333336
2 0.37783333333333335 0.8250104166666666 0.04072222222222222 0.014557291666666666
2 0.5138888888888888 0.24505208333333328 0.05185185185185185 0.009895833333333333
2 0.6236111111111111 0.5190104166666667 0.058333333333333334 0.009895833333333333
2 0.32916666666666666 0.7046875 0.03796296296296296 0.009375
2 0.48518518518518516 0.20963541666666663 0.05555555555555555 0.008854166666666666
3 0.38101851851851853 0.42057291666666663 0.04351851851851852 0.008854166666666666
2 0.3958333333333333 0.34765625 0.04351851851851852 0.009895833333333333
2 0.4564814814814815 0.9151041666666666 0.05 0.011458333333333333
2 0.35833333333333334 0.30546874999999996 0.037037037037037035 0.008854166666666666
2 0.38287037037037036 0.5809895833333334 0.04351851851851852 0.0078125
2 0.31805555555555554 0.46953124999999996 0.03611111111111111 0.0078125
2 0.6217592592592592 0.26953125 0.062037037037037036 0.019270833333333334
3 0.924537037037037 0.13984375000000004 0.08796296296296297 0.022395833333333334
2 0.775 0.64375 0.07407407407407407 0.019791666666666666
2 0.575925925925926 0.21901041666666665 0.05925925925925926 0.0140625
2 0.6458333333333334 0.33072916666666663 0.06759259259259259 0.015625
2 0.44675925925925924 0.6484375 0.05277777777777778 0.0125
2 0.44212962962962965 0.59296875 0.05277777777777778 0.013020833333333334
0 0.3958240740740741 0.8165572916666667 0.010083333333333333 0.0055000000000000005
3 0.24174999999999996 0.6376979166666666 0.034555555555555555 0.008723958333333334
