2 0.34895833333333337 0.6638888888888889 0.008333333333333333 0.03333333333333333
2 0.5765625 0.6560185185185186 0.007291666666666667 0.03981481481481482
2 0.27369791666666665 0.7050925925925926 0.008854166666666666 0.032407407407407406
2 0.22005208333333337 0.7069444444444444 0.0078125 0.030555555555555555
2 0.5736979166666667 0.6254629629629629 0.009895833333333333 0.04537037037037037
2 0.584375 0.6171296296296296 0.008333333333333333 0.04537037037037037
2 0.3497395833333333 0.6388888888888888 0.0109375 0.040740740740740744
2 0.51484375 0.575462962962963 0.0109375 0.04722222222222222
2 0.4481770833333333 0.6939814814814815 0.0067708333333333336 0.032407407407407406
1 0.9927083333333333 0.5884259259259259 0.0125 0.049074074074074076
2 0.4052083333333333 0.6462962962962964 0.011458333333333333 0.040740740740740744
2 0.4747395833333333 0.5453703703703704 0.0140625 0.05
2 0.1294270833333333 0.5722222222222222 0.011979166666666667 0.05
2 0.21588541666666672 0.6370370370370371 0.009895833333333333 0.040740740740740744
2 0.25026041666666665 0.5564814814814815 0.013020833333333334 0.04814814814814815
2 0.07187500000000002 0.5675925925925926 0.011458333333333333 0.05
3 0.4268229166666667 0.5925925925925926 0.009895833333333333 0.04814814814814815
2 0.6236979166666667 0.5472222222222223 0.011979166666666667 0.053703703703703705
2 0.5731770833333334 0.3305555555555556 0.0171875 0.06481481481481481
2 0.19739583333333333 0.3486111111111111 0.015625 0.06759259259259259
2 0.6104166666666666 0.46944444444444444 0.011458333333333333 0.06111111111111111
2 0.48984375 0.28888888888888886 0.024479166666666666 0.06851851851851852
3 0.5767083333333334 0.7299907407407407 0.007052083333333333 0.03247222222222222
0 0.262484375 0.6795925925925925 0.005989583333333334 0.008851851851851852
