2 0.30740740740740735 0.3403645833333333 0.027777777777777776 0.009895833333333333
2 0.4449074074074074 0.59296875 0.04351851851851852 0.0078125
2 0.36111111111111116 0.3651041666666667 0.037037037037037035 0.009375
2 0.3226851851851852 0.4604166666666667 0.03425925925925926 0.009375
2 0.38009259259259265 0.40260416666666665 0.03796296296296296 0.008333333333333333
2 0.37502777777777774 0.554890625 0.038842592592592595 0.011052083333333332
2 0.3291666666666666 0.25390625 0.03611111111111111 0.008854166666666666
2 0.39583333333333326 0.571875 0.041666666666666664 0.007291666666666667
2 0.44166666666666665 0.4932291666666667 0.04814814814814815 0.010416666666666666
2 0.3726851851851851 0.22630208333333335 0.03796296296296296 0.0109375
2 0.4907407407407407 0.5934895833333333 0.05555555555555555 0.0109375
1 0.412037037037037 0.9283854166666666 0.046296296296296294 0.009895833333333333
2 0.4722222222222222 0.44791666666666663 0.05 0.010416666666666666
2 0.4023148148148148 0.2901041666666667 0.03981481481481482 0.009375
2 0.38148148148148153 0.3263020833333333 0.040740740740740744 0.0067708333333333336
3 0.42546296296296293 0.4786458333333333 0.04537037037037037 0.007291666666666667
2 0.46111111111111114 0.07656249999999998 0.04814814814814815 0.011458333333333333
2 0.43564814814814823 0.19687500000000002 0.049074074074074076 0.013541666666666667
2 0.6212962962962963 0.6049479166666667 0.05740740740740741 0.015104166666666667
2 0.6472222222222223 0.24296874999999996 0.06481481481481481 0.0140625
2 0.7175925925925926 0.5567708333333333 0.06666666666666667 0.019791666666666666
0 0.38822222222222225 0.23691145833333327 0.010379629629629631 0.005161458333333333
2 0.3651296296296296 0.553484375 0.04359259259259259 0.009817708333333335
3 0.2837777777777778 0.5521927083333333 0.029907407407407403 0.007234375
