2 0.40104166666666663 0.7236111111111111 0.008333333333333333 0.030555555555555555
2 0.7015625 0.6907407407407408 0.010416666666666666 0.03888888888888889
2 0.34244791666666663 0.6069444444444445 0.009895833333333333 0.04351851851851852
2 0.4307291666666667 0.6819444444444445 0.010416666666666666 0.03425925925925926
2 0.20703125 0.6277777777777778 0.008854166666666666 0.040740740740740744
2 0.24296874999999996 0.6574074074074074 0.0067708333333333336 0.037037037037037035
2 0.24869791666666663 0.475925925925926 0.0078125 0.05555555555555555
2 0.25651041666666663 0.5263888888888889 0.009895833333333333 0.049074074074074076
2 0.21484375 0.6412037037037037 0.0078125 0.041666666666666664
2 0.22473958333333333 0.42268518518518516 0.0109375 0.06018518518518518
1 0.7893229166666667 0.6157407407407407 0.0140625 0.04814814814814815
2 0.8979166666666667 0.5333333333333333 0.010416666666666666 0.04814814814814815
2 0.29557291666666663 0.6472222222222221 0.0078125 0.037037037037037035
2 0.6572916666666666 0.5782407407407407 0.008333333333333333 0.049074074074074076
2 0.5497395833333334 0.6189814814814815 0.0078125 0.03981481481481482
3 0.37187499999999996 0.6138888888888889 0.007291666666666667 0.04259259259259259
2 0.20338541666666665 0.5111111111111111 0.008854166666666666 0.05555555555555555
2 0.5692708333333334 0.5828703703703704 0.008333333333333333 0.049074074074074076
2 0.27578125 0.38703703703703707 0.016145833333333335 0.06296296296296296
2 0.6497395833333333 0.23518518518518516 0.019270833333333334 0.07407407407407407
2 0.3549479166666667 0.39629629629629626 0.011979166666666667 0.06296296296296296
2 0.4911458333333333 0.3763888888888889 0.013541666666666667 0.062037037037037036
3 0.14661458333333333 0.06898148148148153 0.025520833333333333 0.08611111111111111
0 0.7716562499999999 0.5958148148148148 0.0054062500000000005 0.010675925925925926
3 0.6405156249999999 0.7552962962962964 0.009302083333333332 0.033407407407407406
