3 0.7324074074074074 0.24479166666666666 0.02962962962962963 0.008333333333333333
2 0.6203703703703703 0.66875 0.04814814814814815 0.0125
2 0.6598425925925926 0.6773385416666666 0.045398148148148146 0.014083333333333333
2 0.5990740740740741 0.42109375 0.04814814814814815 0.009895833333333333
2 0.6226851851851851 0.6802083333333333 0.05092592592592592 0.016666666666666666
2 0.6356481481481482 0.5901041666666667 0.041666666666666664 0.010416666666666666
2 0.6583333333333333 0.5205729166666667 0.04259259259259259 0.0067708333333333336
2 0.6731481481481482 0.29921875 0.04259259259259259 0.011979166666666667
2 0.6143518518518518 0.15234375 0.05092592592592592 0.019270833333333334
2 0.5666666666666667 0.15729166666666666 0.05555555555555555 0.015625
2 0.5027777777777778 0.4296875 0.05555555555555555 0.011458333333333333
2 0.6486111111111111 0.38229166666666664 0.04537037037037037 0.011458333333333333
2 0.021296296296296258 0.35130208333333335 0.040740740740740744 0.019270833333333334
2 0.6097222222222223 0.6044270833333333 0.04722222222222222 0.0109375
2 0.5055555555555555 0.12526041666666668 0.05925925925925926 0.0203125
3 0.5696851851851852 0.53515625 0.05092592592592592 0.0140625
2 0.5740740740740741 0.45208333333333334 0.04814814814814815 0.01875
2 0.44212962962962965 0.11901041666666666 0.06574074074074074 0.0234375
2 0.3833333333333333 0.7302083333333333 0.06296296296296296 0.019791666666666666
2 0.2666666666666667 0.14348958333333334 0.07592592592592592 0.022395833333333334
2 0.4527777777777777 0.7723958333333333 0.05925925925925926 0.014583333333333334
2 0.46064814814814814 0.49713541666666666 0.062037037037037036 0.016145833333333335
2 0.5523148148148148 0.8109375 0.05648148148148148 0.0125
0 0.6580833333333334 0.6631458333333333 0.010490740740740741 0.005020833333333334
