2 0.33611111111111114 0.34895833333333337 0.03333333333333333 0.008333333333333333
2 0.3439814814814815 0.5765625 0.03981481481481482 0.007291666666666667
2 0.2949074074074074 0.27369791666666665 0.032407407407407406 0.008854166666666666
2 0.29305555555555557 0.22005208333333337 0.030555555555555555 0.0078125
2 0.37453703703703706 0.5736979166666667 0.04537037037037037 0.009895833333333333
2 0.38287037037037036 0.584375 0.04537037037037037 0.008333333333333333
2 0.3611111111111111 0.3497395833333333 0.040740740740740744 0.0109375
2 0.42453703703703705 0.51484375 0.04722222222222222 0.0109375
2 0.3060185185185185 0.4481770833333333 0.032407407407407406 0.0067708333333333336
1 0.4115740740740741 0.9927083333333333 0.049074074074074076 0.0125
2 0.3537037037037037 0.4052083333333333 0.040740740740740744 0.011458333333333333
2 0.4546296296296296 0.4747395833333333 0.05 0.0140625
2 0.42777777777777776 0.1294270833333333 0.05 0.011979166666666667
2 0.362962962962963 0.21588541666666672 0.040740740740740744 0.009895833333333333
2 0.44351851851851853 0.25026041666666665 0.04814814814814815 0.013020833333333334
2 0.4324074074074074 0.07187500000000002 0.05 0.011458333333333333
3 0.4074074074074074 0.4268229166666667 0.04814814814814815 0.009895833333333333
2 0.4527777777777778 0.6236979166666667 0.053703703703703705 0.011979166666666667
2 0.6694444444444444 0.5731770833333334 0.06481481481481481 0.0171875
2 0.6513888888888889 0.19739583333333333 0.06759259259259259 0.015625
2 0.5305555555555556 0.6104166666666666 0.06111111111111111 0.011458333333333333
2 0.7111111111111111 0.48984375 0.06851851851851852 0.024479166666666666
3 0.2700092592592593 0.5767083333333334 0.03247222222222222 0.007052083333333333
0 0.3204074074074074 0.262484375 0.008851851851851852 0.005989583333333334
