2 0.5125 0.8888020833333333 0.03981481481481482 0.009895833333333333
2 0.5111111111111111 0.878125 0.044444444444444446 0.0125
2 0.6180555555555556 0.434375 0.03425925925925926 0.008333333333333333
3 0.5406388888888889 0.5130208333333334 0.044444444444444446 0.008333333333333333
2 0.5736111111111111 0.6875 0.04351851851851852 0.008333333333333333
2 0.5115740740740741 0.5674479166666667 0.049074074074074076 0.009895833333333333
2 0.5824074074074075 0.60234375 0.03888888888888889 0.0078125
2 0.5439814814814814 0.19348958333333333 0.03981481481481482 0.0109375
2 0.5722222222222222 0.4440104166666667 0.040740740740740744 0.0109375
2 0.48888888888888893 0.6263020833333334 0.05185185185185185 0.0109375
2 0.5953703703703703 0.2942708333333333 0.037037037037037035 0.0125
2 0.45138888888888884 0.640625 0.05092592592592592 0.014583333333333334
2 0.375 0.48671875 0.05925925925925926 0.011979166666666667
2 0.1685185185185185 0.178125 0.08148148148148149 0.019791666666666666
2 0.44351851851851853 0.13307291666666668 0.05555555555555555 0.013020833333333334
2 0.350462962962963 0.6489583333333333 0.06018518518518518 0.011458333333333333
2 0.3388888888888889 0.5265625 0.06296296296296296 0.016666666666666666
2 0.45972222222222225 0.41770833333333335 0.05277777777777778 0.009375
2 0.41620370370370374 0.25416666666666665 0.05462962962962963 0.011458333333333333
2 0.3287037037037037 0.56015625 0.05740740740740741 0.0109375
2 0.27037037037037037 0.14895833333333333 0.07407407407407407 0.020833333333333332
3 0.6465462962962962 0.0816875 0.03515740740740741 0.008432291666666668
