2 0.2763888888888889 0.40104166666666663 0.030555555555555555 0.008333333333333333
2 0.30925925925925923 0.7015625 0.03888888888888889 0.010416666666666666
2 0.3930555555555555 0.34244791666666663 0.04351851851851852 0.009895833333333333
2 0.31805555555555554 0.4307291666666667 0.03425925925925926 0.010416666666666666
2 0.37222222222222223 0.20703125 0.040740740740740744 0.008854166666666666
2 0.34259259259259256 0.24296874999999996 0.037037037037037035 0.0067708333333333336
2 0.524074074074074 0.24869791666666663 0.05555555555555555 0.0078125
2 0.4736111111111111 0.25651041666666663 0.049074074074074076 0.009895833333333333
2 0.3587962962962963 0.21484375 0.041666666666666664 0.0078125
2 0.5773148148148148 0.22473958333333333 0.06018518518518518 0.0109375
1 0.3842592592592593 0.7893229166666667 0.04814814814814815 0.0140625
2 0.4666666666666667 0.8979166666666667 0.04814814814814815 0.010416666666666666
2 0.35277777777777786 0.29557291666666663 0.037037037037037035 0.0078125
2 0.4217592592592593 0.6572916666666666 0.049074074074074076 0.008333333333333333
2 0.38101851851851853 0.5497395833333334 0.03981481481481482 0.0078125
3 0.38611111111111107 0.37187499999999996 0.04259259259259259 0.007291666666666667
2 0.48888888888888893 0.20338541666666665 0.05555555555555555 0.008854166666666666
2 0.41712962962962963 0.5692708333333334 0.049074074074074076 0.008333333333333333
2 0.6129629629629629 0.27578125 0.06296296296296296 0.016145833333333335
2 0.7648148148148148 0.6497395833333333 0.07407407407407407 0.019270833333333334
2 0.6037037037037037 0.3549479166666667 0.06296296296296296 0.011979166666666667
2 0.6236111111111111 0.4911458333333333 0.062037037037037036 0.013541666666666667
3 0.9310185185185185 0.14661458333333333 0.08611111111111111 0.025520833333333333
0 0.4041851851851852 0.7716562499999999 0.010675925925925926 0.0054062500000000005
3 0.24470370370370365 0.6405156249999999 0.033407407407407406 0.009302083333333332
