2 0.3403645833333333 0.6925925925925926 0.009895833333333333 0.027777777777777776
2 0.59296875 0.5550925925925926 0.0078125 0.04351851851851852
2 0.3651041666666667 0.6388888888888888 0.009375 0.037037037037037035
2 0.4604166666666667 0.6773148148148148 0.009375 0.03425925925925926
2 0.40260416666666665 0.6199074074074074 0.008333333333333333 0.03796296296296296
2 0.554890625 0.6249722222222223 0.011052083333333332 0.038842592592592595
2 0.25390625 0.6708333333333334 0.008854166666666666 0.03611111111111111
2 0.571875 0.6041666666666667 0.007291666666666667 0.041666666666666664
2 0.4932291666666667 0.5583333333333333 0.010416666666666666 0.04814814814814815
2 0.22630208333333335 0.6273148148148149 0.0109375 0.03796296296296296
2 0.5934895833333333 0.5092592592592593 0.0109375 0.05555555555555555
1 0.9283854166666666 0.587962962962963 0.009895833333333333 0.046296296296296294
2 0.44791666666666663 0.5277777777777778 0.010416666666666666 0.05
2 0.2901041666666667 0.5976851851851852 0.009375 0.03981481481481482
2 0.3263020833333333 0.6185185185185185 0.0067708333333333336 0.040740740740740744
3 0.4786458333333333 0.5745370370370371 0.007291666666666667 0.04537037037037037
2 0.07656249999999998 0.5388888888888889 0.011458333333333333 0.04814814814814815
2 0.19687500000000002 0.5643518518518518 0.013541666666666667 0.049074074074074076
2 0.6049479166666667 0.37870370370370365 0.015104166666666667 0.05740740740740741
2 0.24296874999999996 0.35277777777777775 0.0140625 0.06481481481481481
2 0.5567708333333333 0.28240740740740744 0.019791666666666666 0.06666666666666667
0 0.23691145833333327 0.6117777777777778 0.005161458333333333 0.010379629629629631
2 0.553484375 0.6348703703703704 0.009817708333333335 0.04359259259259259
3 0.5521927083333333 0.7162222222222222 0.007234375 0.029907407407407403
