3 0.7303425925925926 0.11145833333333334 0.03333333333333333 0.008333333333333333
1 0.6569444444444444 0.83359375 0.03611111111111111 0.016145833333333335
2 0.64425 0.6533541666666667 0.04008333333333333 0.012552083333333333
2 0.6657407407407407 0.35 0.04259259259259259 0.009375
3 0.6203703703703703 0.4765625 0.046296296296296294 0.009375
2 0.5861111111111111 0.52578125 0.046296296296296294 0.0109375
2 0.5430555555555556 0.40703125 0.05648148148148148 0.008854166666666666
2 0.5472222222222223 0.39895833333333336 0.05740740740740741 0.015625
2 0.5333333333333333 0.146875 0.05925925925925926 0.011458333333333333
2 0.6375 0.6776041666666667 0.03981481481481482 0.016666666666666666
2 0.2569444444444444 0.20234375 0.07685185185185185 0.015104166666666667
2 0.5893518518518519 0.7299479166666667 0.04722222222222222 0.0171875
2 0.6106481481481482 0.5640625 0.04722222222222222 0.014583333333333334
2 0.6337962962962963 0.5106770833333333 0.04722222222222222 0.016145833333333335
2 0.5564814814814815 0.5447916666666667 0.053703703703703705 0.010416666666666666
2 0.39768518518518514 0.11197916666666667 0.0712962962962963 0.017708333333333333
2 0.5458333333333334 0.16458333333333333 0.05277777777777778 0.016666666666666666
2 0.4930555555555556 0.42552083333333335 0.058333333333333334 0.0125
2 0.48796296296296293 0.7395833333333334 0.053703703703703705 0.014583333333333334
2 0.2791666666666667 0.13229166666666667 0.08425925925925926 0.020833333333333332
2 0.40509259259259256 0.38515625 0.06018518518518518 0.0234375
2 0.650425925925926 0.6595052083333334 0.03737962962962963 0.010859375000000001
2 0.6548703703703704 0.65009375 0.04705555555555556 0.015317708333333334
