2 0.3231770833333333 0.5819444444444444 0.011979166666666667 0.03981481481481482
2 0.1166666666666667 0.5199074074074075 0.015625 0.04537037037037037
2 0.37734375 0.5777777777777777 0.0067708333333333336 0.04259259259259259
2 0.13489583333333333 0.512962962962963 0.011458333333333333 0.04814814814814815
2 0.47005208333333337 0.5212962962962964 0.013020833333333334 0.046296296296296294
2 0.4252604166666667 0.4986111111111111 0.0078125 0.049074074074074076
2 0.5825520833333333 0.6254629629629629 0.0078125 0.032407407407407406
2 0.765625 0.4194444444444444 0.009375 0.053703703703703705
3 0.48984375 0.5486111111111112 0.0109375 0.04351851851851852
2 0.31223958333333335 0.40555555555555556 0.009895833333333333 0.05925925925925926
2 0.82578125 0.5486111111111112 0.0109375 0.041666666666666664
2 0.8036458333333334 0.5652777777777778 0.009375 0.041666666666666664
2 0.5890625 0.5773148148148148 0.0125 0.041666666666666664
2 0.54140625 0.41620370370370374 0.0109375 0.05462962962962963
2 0.3963541666666667 0.29814814814814816 0.020833333333333332 0.06481481481481481
2 0.6354166666666667 0.46990740740740744 0.0125 0.05277777777777778
2 0.8880208333333334 0.2930555555555555 0.017708333333333333 0.06944444444444445
2 0.4643229166666667 0.36944444444444446 0.011979166666666667 0.06111111111111111
2 0.8921875 0.45833333333333337 0.014583333333333334 0.053703703703703705
2 0.87109375 0.19490740740740742 0.018229166666666668 0.0787037037037037
2 0.5598958333333333 0.2574074074074074 0.025 0.06666666666666667
3 0.919890625 0.6439074074074074 0.011416666666666667 0.03961111111111111
