2 0.6461851851851852 0.5520937499999999 0.03680555555555556 0.012520833333333333
2 0.5962962962962963 0.6763020833333333 0.03888888888888889 0.009895833333333333
2 0.575 0.68359375 0.03518518518518519 0.009895833333333333
2 0.600462962962963 0.7104166666666667 0.041666666666666664 0.009375
2 0.6129351851851852 0.5579583333333333 0.04264814814814815 0.010708333333333332
2 0.6245370370370371 0.33307291666666666 0.03796296296296296 0.009895833333333333
3 0.637962962962963 0.121875 0.03888888888888889 0.010416666666666666
2 0.649537037037037 0.66796875 0.03796296296296296 0.0078125
1 0.6064814814814814 0.8453125 0.04259259259259259 0.009375
2 0.5532407407407407 0.17239583333333333 0.04537037037037037 0.008333333333333333
2 0.5643518518518518 0.75859375 0.04722222222222222 0.009895833333333333
2 0.5736111111111111 0.73984375 0.04722222222222222 0.009895833333333333
2 0.6351851851851852 0.3893229166666667 0.03888888888888889 0.0078125
2 0.5569444444444445 0.125 0.05462962962962963 0.01875
2 0.5768518518518518 0.43776041666666665 0.046296296296296294 0.013020833333333334
3 0.6185185185185185 0.52109375 0.040740740740740744 0.0140625
2 0.5324074074074074 0.8255208333333334 0.05740740740740741 0.0125
2 0.6308888888888888 0.623671875 0.041833333333333333 0.00984375
2 0.5509259259259259 0.36953125 0.046296296296296294 0.0140625
2 0.5226851851851853 0.17708333333333334 0.05092592592592592 0.0125
2 0.43472222222222223 0.45078125 0.058333333333333334 0.0265625
2 0.549074074074074 0.6994791666666667 0.04814814814814815 0.016666666666666666
2 0.6613796296296297 0.5559791666666667 0.032685185185185185 0.008645833333333333
