2 0.5790677083333333 0.5810925925925926 0.007093749999999999 0.03440740740740741
2 0.3578125 0.5583333333333333 0.011458333333333333 0.037037037037037035
2 0.3377604166666667 0.5606481481481482 0.011979166666666667 0.03611111111111111
2 0.6158854166666667 0.5782407407407407 0.0067708333333333336 0.03611111111111111
2 0.6497395833333333 0.525 0.009895833333333333 0.03888888888888889
2 0.5283854166666666 0.5328703703703703 0.0109375 0.04351851851851852
2 0.8494791666666667 0.4384259259259259 0.017708333333333333 0.04351851851851852
3 0.58046875 0.5027777777777778 0.008854166666666666 0.044444444444444446
2 0.3643229166666667 0.4481481481481482 0.011979166666666667 0.05185185185185185
2 0.15104166666666663 0.44305555555555554 0.010416666666666666 0.05648148148148148
2 0.5822916666666667 0.4472222222222222 0.011458333333333333 0.05
2 0.3778645833333333 0.44259259259259254 0.015104166666666667 0.05
2 0.1361979166666667 0.37268518518518523 0.013020833333333334 0.06018518518518518
2 0.14869791666666665 0.3824074074074074 0.0140625 0.06481481481481481
3 0.1127604166666667 0.18518518518518523 0.0140625 0.08518518518518518
2 0.7114583333333333 0.4666666666666667 0.009375 0.04814814814814815
2 0.56015625 0.36944444444444446 0.0140625 0.06296296296296296
2 0.6033854166666667 0.3833333333333333 0.0171875 0.053703703703703705
2 0.78359375 0.3916666666666667 0.0203125 0.05740740740740741
3 0.48292708333333334 0.6530740740740741 0.005901041666666666 0.023314814814814816
2 0.928265625 0.4541018518518518 0.010885416666666667 0.04794444444444444
2 0.9380625 0.4471666666666667 0.014390624999999999 0.03425925925925926
0 0.9473489583333333 0.42913888888888896 0.004796875000000001 0.007185185185185185
1 0.675359375 0.587212962962963 0.011463541666666667 0.04102777777777778
