3 0.2884259259259259 0.6338541666666666 0.04351851851851852 0.008333333333333333
2 0.32916666666666666 0.3182291666666667 0.041666666666666664 0.008333333333333333
2 0.34675925925925927 0.23750000000000004 0.05092592592592592 0.009375
2 0.37175925925925923 0.38828125 0.05462962962962963 0.013020833333333334
2 0.36574074074074076 0.4174479166666667 0.04814814814814815 0.015104166666666667
2 0.4537037037037037 0.24375000000000002 0.06296296296296296 0.015625
2 0.3138888888888889 0.5471354166666667 0.040740740740740744 0.016145833333333335
2 0.4090462962962963 0.57890625 0.05227777777777778 0.0109375
2 0.39537037037037037 0.33671874999999996 0.053703703703703705 0.0109375
3 0.41712962962962963 0.28541666666666665 0.06388888888888888 0.011458333333333333
2 0.4699074074074074 0.25859374999999996 0.06944444444444445 0.013020833333333334
2 0.47638888888888886 0.534375 0.07314814814814814 0.01875
2 0.5273148148148148 0.7971354166666667 0.07685185185185185 0.016145833333333335
2 0.5185185185185185 0.10468750000000004 0.07962962962962963 0.017708333333333333
2 0.412962962962963 0.6765625 0.06296296296296296 0.019791666666666666
2 0.7541666666666667 0.5802083333333333 0.09907407407407408 0.017708333333333333
2 0.48055555555555557 0.5067708333333334 0.06666666666666667 0.013541666666666667
2 0.4162037037037037 0.16718750000000004 0.06574074074074074 0.016666666666666666
2 0.49398148148148147 0.08411458333333333 0.075 0.018229166666666668
2 0.638425925925926 0.13671875 0.08611111111111111 0.022395833333333334
2 0.6189814814814815 0.2953125 0.08796296296296297 0.015625
2 0.5949074074074074 0.07161458333333337 0.08425925925925926 0.019270833333333334
0 0.3814166666666667 0.5780729166666667 0.01062962962962963 0.005203125
