2 0.5712962962962963 0.5697916666666667 0.025925925925925925 0.009375
1 0.5694444444444444 0.2234375 0.037037037037037035 0.009375
2 0.6074074074074074 0.44895833333333335 0.02962962962962963 0.011458333333333333
2 0.5620370370370371 0.5450520833333333 0.02962962962962963 0.008854166666666666
2 0.5097222222222222 0.24661458333333333 0.04537037037037037 0.009895833333333333
2 0.5393518518518519 0.4765625 0.032407407407407406 0.010416666666666666
2 0.5740740740740741 0.3729166666666667 0.03888888888888889 0.013541666666666667
2 0.5226851851851853 0.33229166666666665 0.03981481481481482 0.011458333333333333
2 0.5623796296296296 0.6950625 0.032157407407407405 0.013036458333333334
2 0.5314814814814814 0.5151041666666667 0.04259259259259259 0.009375
2 0.4731481481481481 0.8484375 0.04814814814814815 0.011458333333333333
2 0.4893518518518518 0.22135416666666666 0.04351851851851852 0.015625
2 0.4423055555555556 0.32521354166666666 0.04873148148148149 0.015197916666666667
2 0.45231481481481484 0.8390625 0.05462962962962963 0.011458333333333333
2 0.4018518518518519 0.6846354166666667 0.05555555555555555 0.022395833333333334
2 0.3833333333333333 0.5265625 0.05185185185185185 0.014583333333333334
2 0.5356481481481481 0.8442708333333333 0.03796296296296296 0.015625
2 0.39675925925925926 0.05703125 0.05277777777777778 0.013020833333333334
3 0.1645833333333333 0.914828125 0.0912037037037037 0.025552083333333333
3 0.6457222222222222 0.4386145833333333 0.03146296296296296 0.0066770833333333335
2 0.5655925925925926 0.33729166666666666 0.041666666666666664 0.010651041666666666
2 0.57525 0.3428333333333333 0.04338888888888889 0.009864583333333335
0 0.5377685185185186 0.6401197916666667 0.01038888888888889 0.005114583333333334
2 0.5685555555555556 0.6986927083333333 0.03390740740740741 0.00840625
