1 0.4474351851851852 0.9606770833333333 0.04814814814814815 0.0171875
2 0.4189814814814814 0.44895833333333335 0.03796296296296296 0.0125
2 0.44305555555555554 0.30052083333333335 0.04722222222222222 0.0125
2 0.4537037037037037 0.4432291666666667 0.044444444444444446 0.010416666666666666
2 0.436574074074074 0.17656249999999996 0.041666666666666664 0.014583333333333334
2 0.41435185185185186 0.5794270833333333 0.041666666666666664 0.008854166666666666
2 0.44999999999999996 0.57265625 0.046296296296296294 0.008854166666666666
2 0.5611111111111111 0.4854166666666667 0.05740740740740741 0.011458333333333333
2 0.46157407407407414 0.68671875 0.05277777777777778 0.015104166666666667
2 0.5018518518518519 0.18723958333333335 0.05185185185185185 0.018229166666666668
2 0.47870370370370363 0.19557291666666665 0.05 0.011979166666666667
2 0.4833333333333334 0.40937500000000004 0.044444444444444446 0.016666666666666666
2 0.48564814814814816 0.5981770833333333 0.049074074074074076 0.009895833333333333
2 0.46944444444444444 0.6299479166666666 0.046296296296296294 0.0109375
2 0.6083333333333333 0.48697916666666663 0.05740740740740741 0.019791666666666666
2 0.47916666666666674 0.7158854166666666 0.05092592592592592 0.011979166666666667
2 0.5560185185185185 0.13046875000000002 0.062037037037037036 0.0171875
2 0.5787037037037037 0.78046875 0.05925925925925926 0.011979166666666667
2 0.5273148148148148 0.06354166666666672 0.058333333333333334 0.015625
3 0.5259259259259259 0.6325520833333333 0.05740740740740741 0.013020833333333334
2 0.663425925925926 0.82421875 0.0712962962962963 0.0234375
0 0.45512037037037034 0.4204479166666667 0.01163888888888889 0.005989583333333334
2 0.4439722222222222 0.6909270833333334 0.047157407407407405 0.009833333333333333
3 0.3511574074074074 0.5858749999999999 0.03499074074074074 0.009828125
