2 0.5407407407407407 0.54453125 0.03333333333333333 0.0109375
2 0.5740740740740741 0.7473958333333334 0.03518518518518519 0.007291666666666667
2 0.46064814814814814 0.6794270833333333 0.03981481481481482 0.011979166666666667
2 0.5606481481481482 0.7598958333333333 0.03425925925925926 0.008333333333333333
2 0.49537037037037035 0.6825520833333333 0.03888888888888889 0.008854166666666666
2 0.5222222222222221 0.4864583333333333 0.04259259259259259 0.009375
3 0.5125 0.6307291666666667 0.04351851851851852 0.010416666666666666
2 0.4287037037037037 0.6854166666666667 0.05555555555555555 0.009375
2 0.47916666666666663 0.46588541666666666 0.03981481481481482 0.015104166666666667
2 0.475462962962963 0.48489583333333336 0.04351851851851852 0.010416666666666666
2 0.4472222222222222 0.24505208333333334 0.04814814814814815 0.009895833333333333
1 0.5108796296296296 0.14791666666666667 0.044444444444444446 0.011458333333333333
2 0.4185185185185185 0.8072916666666666 0.053703703703703705 0.010416666666666666
2 0.5078703703703704 0.77890625 0.04351851851851852 0.008854166666666666
2 0.3824074074074074 0.85546875 0.06111111111111111 0.0171875
2 0.28009259259259256 0.6645833333333333 0.062037037037037036 0.014583333333333334
2 0.33287037037037037 0.8026041666666667 0.062037037037037036 0.014583333333333334
2 0.5300925925925926 0.33828125 0.041666666666666664 0.0078125
2 0.38796296296296295 0.4578125 0.05555555555555555 0.014583333333333334
2 0.28981481481481486 0.3723958333333333 0.06296296296296296 0.020833333333333332
3 0.17386111111111113 0.93984375 0.08333333333333333 0.022395833333333334
0 0.47137037037037044 0.30706770833333336 0.01211111111111111 0.006703125
3 0.6243518518518518 0.41526041666666663 0.028925925925925924 0.008015625
2 0.5963981481481482 0.537390625 0.033129629629629634 0.008796875000000001
2 0.5625277777777777 0.592421875 0.03819444444444445 0.00978125
