2 0.28593749999999996 0.6351851851851852 0.009375 0.025925925925925925
0 0.08437499999999998 0.5736111111111111 0.00625 0.010185185185185186
2 0.28932291666666665 0.6009259259259259 0.016145833333333335 0.040740740740740744
2 0.6299739583333333 0.6227592592592592 0.012036458333333333 0.03966666666666667
2 0.4984375 0.5842592592592593 0.0125 0.037037037037037035
2 0.31953125000000004 0.6365740740740741 0.009895833333333333 0.04351851851851852
2 0.3247395833333333 0.587962962962963 0.0140625 0.05185185185185185
2 0.6145833333333333 0.6226851851851851 0.010416666666666666 0.04537037037037037
2 0.6707135416666666 0.5481481481481482 0.014729166666666666 0.054453703703703706
2 0.5403645833333333 0.5986111111111111 0.009895833333333333 0.04537037037037037
2 0.6841145833333333 0.537037037037037 0.009895833333333333 0.053703703703703705
2 0.5783854166666667 0.6018518518518519 0.013020833333333334 0.05185185185185185
2 0.6395833333333334 0.6106481481481482 0.010416666666666666 0.05092592592592592
2 0.90625 0.6027777777777779 0.010416666666666666 0.053703703703703705
2 0.3940104166666667 0.5587962962962962 0.018229166666666668 0.05648148148148148
2 0.04843750000000002 0.587962962962963 0.0125 0.05185185185185185
2 0.36171875 0.4662037037037037 0.0140625 0.06388888888888888
2 0.2791666666666667 0.5111111111111111 0.01875 0.05740740740740741
3 0.15755208333333337 0.13611111111111107 0.0203125 0.10185185185185185
3 0.5223958333333334 0.5481481481481482 0.013541666666666667 0.05555555555555555
2 0.2666666666666667 0.4115740740740741 0.021875 0.06574074074074074
3 0.5562135416666667 0.7009166666666666 0.009098958333333332 0.03888888888888889
2 0.559109375 0.6588981481481482 0.015885416666666666 0.0441574074074074
2 0.67140625 0.5683611111111111 0.013875 0.054407407407407404
2 0.4992916666666667 0.5978148148148148 0.011593750000000002 0.04859259259259259
