2 0.45546875 0.5407407407407407 0.0109375 0.03333333333333333
2 0.25260416666666663 0.5740740740740741 0.007291666666666667 0.03518518518518519
2 0.32057291666666665 0.46064814814814814 0.011979166666666667 0.03981481481481482
2 0.24010416666666667 0.5606481481481482 0.008333333333333333 0.03425925925925926
2 0.3174479166666667 0.49537037037037035 0.008854166666666666 0.03888888888888889
2 0.5135416666666667 0.5222222222222221 0.009375 0.04259259259259259
3 0.3692708333333333 0.5125 0.010416666666666666 0.04351851851851852
2 0.3145833333333333 0.4287037037037037 0.009375 0.05555555555555555
2 0.5341145833333334 0.47916666666666663 0.015104166666666667 0.03981481481481482
2 0.5151041666666667 0.475462962962963 0.010416666666666666 0.04351851851851852
2 0.7549479166666666 0.4472222222222222 0.009895833333333333 0.04814814814814815
1 0.8520833333333333 0.5108796296296296 0.011458333333333333 0.044444444444444446
2 0.19270833333333337 0.4185185185185185 0.010416666666666666 0.053703703703703705
2 0.22109374999999998 0.5078703703703704 0.008854166666666666 0.04351851851851852
2 0.14453125 0.3824074074074074 0.0171875 0.06111111111111111
2 0.3354166666666667 0.28009259259259256 0.014583333333333334 0.062037037037037036
2 0.19739583333333333 0.33287037037037037 0.014583333333333334 0.062037037037037036
2 0.66171875 0.5300925925925926 0.0078125 0.041666666666666664
2 0.5421875 0.38796296296296295 0.014583333333333334 0.05555555555555555
2 0.6276041666666667 0.28981481481481486 0.020833333333333332 0.06296296296296296
3 0.06015625000000002 0.17386111111111113 0.022395833333333334 0.08333333333333333
0 0.6929322916666667 0.47137037037037044 0.006703125 0.01211111111111111
3 0.5847395833333333 0.6243518518518518 0.008015625 0.028925925925925924
2 0.462609375 0.5963981481481482 0.008796875000000001 0.033129629629629634
2 0.407578125 0.5625277777777777 0.00978125 0.03819444444444445
