0 0.6231770833333333 0.38842592592592595 0.005729166666666666 0.012037037037037037
2 0.5552083333333333 0.6555555555555556 0.008333333333333333 0.037037037037037035
2 0.4859375 0.6388888888888888 0.008333333333333333 0.04259259259259259
2 0.5606770833333333 0.5708333333333333 0.008854166666666666 0.04722222222222222
2 0.6713541666666667 0.6375 0.008333333333333333 0.04351851851851852
2 0.3013020833333333 0.6481481481481481 0.0078125 0.040740740740740744
2 0.2783854166666667 0.25 0.018229166666666668 0.08703703703703704
2 0.26588541666666665 0.6245370370370371 0.009895833333333333 0.04722222222222222
2 0.2908854166666667 0.5976851851851852 0.009895833333333333 0.049074074074074076
2 0.3203125 0.6337962962962963 0.009375 0.041666666666666664
2 0.4041666666666667 0.575925925925926 0.009375 0.046296296296296294
2 0.7135416666666667 0.5800925925925926 0.010416666666666666 0.05092592592592592
2 0.3783854166666667 0.4898148148148148 0.0171875 0.05925925925925926
3 0.4268229166666667 0.5819444444444444 0.0109375 0.049074074074074076
2 0.6161458333333334 0.4541666666666667 0.014583333333333334 0.049074074074074076
2 0.2677083333333333 0.5486111111111112 0.0125 0.05462962962962963
2 0.6270833333333333 0.4199074074074074 0.029166666666666667 0.06759259259259259
2 0.4434895833333333 0.47638888888888886 0.018229166666666668 0.06018518518518518
2 0.5895833333333333 0.4990740740740741 0.011458333333333333 0.05555555555555555
2 0.38125 0.3939814814814815 0.016666666666666666 0.06574074074074074
2 0.5950520833333333 0.350925925925926 0.018229166666666668 0.07407407407407407
2 0.19270833333333337 0.3828703703703704 0.016666666666666666 0.06574074074074074
3 0.7246354166666666 0.6799907407407407 0.009557291666666667 0.03943518518518519
