2 0.37707407407407406 0.4507916666666667 0.05045370370370371 0.014723958333333334
2 0.36157407407407405 0.30078125 0.04537037037037037 0.008854166666666666
2 0.4351851851851852 0.24843749999999998 0.05740740740740741 0.011458333333333333
2 0.4597222222222222 0.80859375 0.05462962962962963 0.0171875
2 0.3458333333333333 0.6299479166666666 0.04537037037037037 0.0109375
2 0.4615740740740741 0.20234375000000004 0.06388888888888888 0.011979166666666667
2 0.4875 0.21640625000000002 0.06388888888888888 0.015104166666666667
2 0.46944444444444444 0.3096354166666667 0.05740740740740741 0.0109375
2 0.5648148148148148 0.3002604166666667 0.07037037037037037 0.0140625
3 0.5189814814814815 0.4080729166666667 0.06944444444444445 0.013020833333333334
2 0.46064814814814814 0.5372395833333333 0.05462962962962963 0.013020833333333334
2 0.4393518518518518 0.5911458333333333 0.05277777777777778 0.016666666666666666
2 0.4597222222222222 0.3901041666666667 0.058333333333333334 0.0125
2 0.6018518518518519 0.4966145833333333 0.07592592592592592 0.013020833333333334
2 0.7078703703703704 0.8052083333333333 0.09537037037037037 0.01875
2 0.7814814814814814 0.5182291666666667 0.09074074074074075 0.027083333333333334
2 0.5231481481481481 0.5984375 0.06481481481481481 0.0125
2 0.6259259259259259 0.15338541666666672 0.07777777777777778 0.016145833333333335
2 0.6680555555555555 0.42213541666666665 0.08425925925925926 0.015104166666666667
2 0.6736111111111112 0.25234375 0.08425925925925926 0.019270833333333334
3 0.8537037037037037 0.03671875000000002 0.10925925925925926 0.030729166666666665
0 0.4774259259259259 0.779671875 0.012037037037037037 0.008229166666666668
3 0.2932962962962963 0.6598072916666666 0.03562037037037037 0.008072916666666667
2 0.3136203703703703 0.3625729166666667 0.037175925925925925 0.009229166666666667
