2 0.5810925925925926 0.4209322916666667 0.03440740740740741 0.007093749999999999
2 0.5583333333333333 0.6421875 0.037037037037037035 0.011458333333333333
2 0.5606481481481482 0.6622395833333333 0.03611111111111111 0.011979166666666667
2 0.5782407407407407 0.3841145833333333 0.03611111111111111 0.0067708333333333336
2 0.525 0.3502604166666667 0.03888888888888889 0.009895833333333333
2 0.5328703703703703 0.47161458333333334 0.04351851851851852 0.0109375
2 0.4384259259259259 0.15052083333333333 0.04351851851851852 0.017708333333333333
3 0.5027777777777778 0.41953125 0.044444444444444446 0.008854166666666666
2 0.4481481481481482 0.6356770833333333 0.05185185185185185 0.011979166666666667
2 0.44305555555555554 0.8489583333333334 0.05648148148148148 0.010416666666666666
2 0.4472222222222222 0.41770833333333335 0.05 0.011458333333333333
2 0.44259259259259254 0.6221354166666667 0.05 0.015104166666666667
2 0.37268518518518523 0.8638020833333333 0.06018518518518518 0.013020833333333334
2 0.3824074074074074 0.8513020833333333 0.06481481481481481 0.0140625
3 0.18518518518518523 0.8872395833333333 0.08518518518518518 0.0140625
2 0.4666666666666667 0.28854166666666664 0.04814814814814815 0.009375
2 0.36944444444444446 0.43984375 0.06296296296296296 0.0140625
2 0.3833333333333333 0.3966145833333333 0.053703703703703705 0.0171875
2 0.3916666666666667 0.21640625 0.05740740740740741 0.0203125
3 0.6530740740740741 0.5170729166666667 0.023314814814814816 0.005901041666666666
2 0.4541018518518518 0.07173437499999999 0.04794444444444444 0.010885416666666667
2 0.4471666666666667 0.0619375 0.03425925925925926 0.014390624999999999
0 0.42913888888888896 0.05265104166666667 0.007185185185185185 0.004796875000000001
1 0.587212962962963 0.32464062499999996 0.04102777777777778 0.011463541666666667
