2 0.4121944444444445 0.6257083333333333 0.04475925925925926 0.016
2 0.4363518518518518 0.61246875 0.04863888888888889 0.012442708333333333
2 0.37083333333333335 0.7338541666666667 0.03981481481481482 0.010416666666666666
2 0.38981481481481484 0.4598958333333333 0.040740740740740744 0.011458333333333333
2 0.4452314814814815 0.4776041666666667 0.04786111111111111 0.023963541666666664
3 0.41405555555555557 0.417546875 0.046453703703703705 0.013223958333333334
2 0.37407407407407406 0.79453125 0.040740740740740744 0.0140625
2 0.4655462962962963 0.3895260416666667 0.04775925925925926 0.024171875
2 0.36435185185185187 0.6966145833333333 0.03796296296296296 0.0109375
2 0.36666666666666664 0.6645833333333333 0.03888888888888889 0.007291666666666667
2 0.5233148148148148 0.16290625000000003 0.0632962962962963 0.0195625
2 0.42824074074074076 0.7421875 0.04537037037037037 0.016666666666666666
2 0.5965833333333332 0.2789531249999999 0.061675925925925926 0.021442708333333334
2 0.4013888888888889 0.7783854166666666 0.04722222222222222 0.018229166666666668
2 0.5800925925925926 0.5341145833333334 0.062037037037037036 0.0328125
2 0.5337962962962963 0.19765624999999998 0.05648148148148148 0.028645833333333332
2 0.4962962962962963 0.13880208333333333 0.05740740740740741 0.011979166666666667
2 0.4351851851851852 0.26588541666666665 0.04814814814814815 0.011979166666666667
2 0.4861111111111111 0.8088541666666667 0.05740740740740741 0.011458333333333333
2 0.44814814814814813 0.8434895833333333 0.05185185185185185 0.016145833333333335
0 0.4898518518518518 0.37536458333333333 0.009444444444444445 0.005328125
2 0.44280555555555556 0.48325520833333335 0.04778703703703704 0.013994791666666668
3 0.32028703703703704 0.7549322916666666 0.03878703703703704 0.009473958333333334
