2 0.4507916666666667 0.6229259259259259 0.014723958333333334 0.05045370370370371
2 0.30078125 0.638425925925926 0.008854166666666666 0.04537037037037037
2 0.24843749999999998 0.5648148148148149 0.011458333333333333 0.05740740740740741
2 0.80859375 0.5402777777777779 0.0171875 0.05462962962962963
2 0.6299479166666666 0.6541666666666667 0.0109375 0.04537037037037037
2 0.20234375000000004 0.5384259259259259 0.011979166666666667 0.06388888888888888
2 0.21640625000000002 0.5125 0.015104166666666667 0.06388888888888888
2 0.3096354166666667 0.5305555555555556 0.0109375 0.05740740740740741
2 0.3002604166666667 0.43518518518518523 0.0140625 0.07037037037037037
3 0.4080729166666667 0.4810185185185185 0.013020833333333334 0.06944444444444445
2 0.5372395833333333 0.5393518518518519 0.013020833333333334 0.05462962962962963
2 0.5911458333333333 0.5606481481481482 0.016666666666666666 0.05277777777777778
2 0.3901041666666667 0.5402777777777779 0.0125 0.058333333333333334
2 0.4966145833333333 0.39814814814814814 0.013020833333333334 0.07592592592592592
2 0.8052083333333333 0.29212962962962963 0.01875 0.09537037037037037
2 0.5182291666666667 0.21851851851851856 0.027083333333333334 0.09074074074074075
2 0.5984375 0.47685185185185186 0.0125 0.06481481481481481
2 0.15338541666666672 0.3740740740740741 0.016145833333333335 0.07777777777777778
2 0.42213541666666665 0.3319444444444445 0.015104166666666667 0.08425925925925926
2 0.25234375 0.32638888888888884 0.019270833333333334 0.08425925925925926
3 0.03671875000000002 0.14629629629629626 0.030729166666666665 0.10925925925925926
0 0.779671875 0.5225740740740741 0.008229166666666668 0.012037037037037037
3 0.6598072916666666 0.7067037037037037 0.008072916666666667 0.03562037037037037
2 0.3625729166666667 0.6863796296296296 0.009229166666666667 0.037175925925925925
