2 0.45925925925925926 0.45546875 0.03333333333333333 0.0109375
2 0.42592592592592593 0.25260416666666663 0.03518518518518519 0.007291666666666667
2 0.5393518518518519 0.32057291666666665 0.03981481481481482 0.011979166666666667
2 0.43935185185185177 0.24010416666666667 0.03425925925925926 0.008333333333333333
2 0.5046296296296297 0.3174479166666667 0.03888888888888889 0.008854166666666666
2 0.47777777777777786 0.5135416666666667 0.04259259259259259 0.009375
3 0.48750000000000004 0.3692708333333333 0.04351851851851852 0.010416666666666666
2 0.5712962962962963 0.3145833333333333 0.05555555555555555 0.009375
2 0.5208333333333334 0.5341145833333334 0.03981481481481482 0.015104166666666667
2 0.524537037037037 0.5151041666666667 0.04351851851851852 0.010416666666666666
2 0.5527777777777778 0.7549479166666666 0.04814814814814815 0.009895833333333333
1 0.48912037037037037 0.8520833333333333 0.044444444444444446 0.011458333333333333
2 0.5814814814814815 0.19270833333333337 0.053703703703703705 0.010416666666666666
2 0.4921296296296296 0.22109374999999998 0.04351851851851852 0.008854166666666666
2 0.6175925925925926 0.14453125 0.06111111111111111 0.0171875
2 0.7199074074074074 0.3354166666666667 0.062037037037037036 0.014583333333333334
2 0.6671296296296296 0.19739583333333333 0.062037037037037036 0.014583333333333334
2 0.46990740740740744 0.66171875 0.041666666666666664 0.0078125
2 0.612037037037037 0.5421875 0.05555555555555555 0.014583333333333334
2 0.7101851851851851 0.6276041666666667 0.06296296296296296 0.020833333333333332
3 0.8261388888888889 0.06015625000000002 0.08333333333333333 0.022395833333333334
0 0.5286296296296296 0.6929322916666667 0.01211111111111111 0.006703125
3 0.3756481481481482 0.5847395833333333 0.028925925925925924 0.008015625
2 0.4036018518518518 0.462609375 0.033129629629629634 0.008796875000000001
2 0.43747222222222226 0.407578125 0.03819444444444445 0.00978125
