2 0.3648148148148148 0.28593749999999996 0.025925925925925925 0.009375
0 0.4263888888888889 0.08437499999999998 0.010185185185185186 0.00625
2 0.3990740740740741 0.28932291666666665 0.040740740740740744 0.016145833333333335
2 0.37724074074074077 0.6299739583333333 0.03966666666666667 0.012036458333333333
2 0.41574074074074074 0.4984375 0.037037037037037035 0.0125
2 0.36342592592592593 0.31953125000000004 0.04351851851851852 0.009895833333333333
2 0.41203703703703703 0.3247395833333333 0.05185185185185185 0.0140625
2 0.3773148148148148 0.6145833333333333 0.04537037037037037 0.010416666666666666
2 0.45185185185185184 0.6707135416666666 0.054453703703703706 0.014729166666666666
2 0.4013888888888889 0.5403645833333333 0.04537037037037037 0.009895833333333333
2 0.46296296296296297 0.6841145833333333 0.053703703703703705 0.009895833333333333
2 0.39814814814814814 0.5783854166666667 0.05185185185185185 0.013020833333333334
2 0.38935185185185184 0.6395833333333334 0.05092592592592592 0.010416666666666666
2 0.3972222222222222 0.90625 0.053703703703703705 0.010416666666666666
2 0.4412037037037037 0.3940104166666667 0.05648148148148148 0.018229166666666668
2 0.41203703703703703 0.04843750000000002 0.05185185185185185 0.0125
2 0.5337962962962963 0.36171875 0.06388888888888888 0.0140625
2 0.4888888888888889 0.2791666666666667 0.05740740740740741 0.01875
3 0.8638888888888889 0.15755208333333337 0.10185185185185185 0.0203125
3 0.45185185185185184 0.5223958333333334 0.05555555555555555 0.013541666666666667
2 0.5884259259259259 0.2666666666666667 0.06574074074074074 0.021875
3 0.2990833333333333 0.5562135416666667 0.03888888888888889 0.009098958333333332
2 0.3411018518518518 0.559109375 0.0441574074074074 0.015885416666666666
2 0.4316388888888889 0.67140625 0.054407407407407404 0.013875
2 0.4021851851851852 0.4992916666666667 0.04859259259259259 0.011593750000000002
