2 0.44357812500000005 0.6484537037037037 0.010765625000000001 0.030685185185185187
2 0.6192708333333333 0.6231481481481482 0.009375 0.040740740740740744
2 0.36979166666666663 0.6166666666666667 0.010416666666666666 0.037037037037037035
2 0.6050729166666666 0.6076481481481482 0.008598958333333333 0.043731481481481475
2 0.6065104166666666 0.5694444444444444 0.0078125 0.044444444444444446
2 0.5693697916666667 0.5558148148148148 0.017906250000000002 0.050509259259259254
2 0.5768229166666667 0.5148148148148148 0.015104166666666667 0.053703703703703705
2 0.6934895833333333 0.499537037037037 0.013020833333333334 0.05277777777777778
2 0.353125 0.5819444444444444 0.0125 0.04351851851851852
2 0.6221354166666666 0.5384259259259259 0.019270833333333334 0.05277777777777778
3 0.5432291666666667 0.5321944444444444 0.011458333333333333 0.05185185185185185
1 0.15321875000000007 0.5686296296296296 0.011645833333333333 0.04607407407407407
1 0.9359375 0.5736111111111111 0.014583333333333334 0.05277777777777778
2 0.4247395833333333 0.47962962962962963 0.0109375 0.05555555555555555
3 0.19348958333333333 0.17175925925925928 0.027604166666666666 0.09722222222222222
2 0.23333333333333328 0.4203703703703704 0.013541666666666667 0.06481481481481481
0 0.15834375 0.5538425925925925 0.005427083333333333 0.009870370370370371
2 0.371328125 0.6356111111111111 0.008776041666666668 0.03553703703703704
2 0.6383541666666667 0.5799722222222222 0.011338541666666667 0.045703703703703705
2 0.6589895833333334 0.5857129629629629 0.010723958333333334 0.03761111111111111
2 0.6459166666666667 0.584925925925926 0.010130208333333333 0.04541666666666666
2 0.6521354166666666 0.5996203703703704 0.008671874999999999 0.04148148148148148
2 0.6603749999999999 0.5436111111111112 0.013375 0.04621296296296296
2 0.6676510416666667 0.5521944444444444 0.009625 0.041324074074074076
2 0.66975 0.5705 0.008927083333333334 0.038620370370370374
3 0.5977552083333333 0.6681574074074075 0.006661458333333333 0.028935185185185185
