2 0.4510416666666667 0.5907407407407408 0.00625 0.027777777777777776
2 0.7213541666666667 0.5550925925925926 0.008333333333333333 0.030555555555555555
2 0.46067708333333335 0.5805555555555555 0.0067708333333333336 0.025925925925925925
2 0.3442708333333333 0.5629629629629629 0.010416666666666666 0.03518518518518519
2 0.8119791666666667 0.5037037037037038 0.011458333333333333 0.03518518518518519
2 0.49609375 0.5180555555555555 0.0078125 0.03425925925925926
2 0.38151041666666663 0.4847222222222223 0.009895833333333333 0.03981481481481482
2 0.78828125 0.5060185185185185 0.008854166666666666 0.03611111111111111
2 0.6731770833333333 0.49537037037037035 0.0078125 0.037037037037037035
2 0.8808489583333333 0.3683888888888889 0.019546875000000002 0.04841666666666666
2 0.4027760416666666 0.294787037037037 0.015666666666666666 0.05999074074074075
3 0.6492135416666667 0.46244444444444455 0.017447916666666667 0.04400925925925926
2 0.39583333333333337 0.46898148148148144 0.009375 0.041666666666666664
2 0.6419270833333333 0.43194444444444446 0.019270833333333334 0.04351851851851852
2 0.9283854166666666 0.4300925925925926 0.0203125 0.04537037037037037
2 0.69453125 0.49675925925925923 0.0140625 0.041666666666666664
1 0.1328125 0.5384259259259259 0.011458333333333333 0.03425925925925926
2 0.18046874999999996 0.4291666666666667 0.0109375 0.05092592592592592
2 0.12265625000000002 0.4041666666666667 0.0171875 0.049074074074074076
3 0.08340104166666673 0.30694444444444446 0.016666666666666666 0.06018518518518518
2 0.26145833333333335 0.3291666666666667 0.015625 0.05648148148148148
2 0.8484375 0.31481481481481477 0.026041666666666668 0.053703703703703705
2 0.6055729166666667 0.5717222222222222 0.010317708333333333 0.03202777777777778
0 0.9234687500000001 0.43194444444444446 0.006411458333333333 0.010583333333333333
