0 0.4330729166666667 0.5523148148148148 0.005729166666666666 0.010185185185185186
2 0.64375 0.6611111111111111 0.010416666666666666 0.044444444444444446
2 0.7700520833333333 0.6287037037037038 0.0140625 0.05
2 0.6776041666666667 0.6671296296296296 0.010416666666666666 0.04351851851851852
2 0.7583333333333333 0.6481481481481481 0.010416666666666666 0.046296296296296294
2 0.530234375 0.5945925925925926 0.016723958333333334 0.05525925925925926
2 0.40546875000000004 0.6194444444444445 0.018229166666666668 0.05
2 0.5763020833333333 0.6509259259259259 0.013020833333333334 0.05
2 0.4473958333333333 0.5773148148148148 0.01875 0.04722222222222222
2 0.6143229166666666 0.587962962962963 0.0140625 0.05185185185185185
2 0.6677604166666666 0.5685740740740741 0.018848958333333332 0.055435185185185185
2 0.1919270833333333 0.5828703703703704 0.0171875 0.06018518518518518
2 0.8106770833333333 0.5837962962962964 0.0109375 0.058333333333333334
2 0.59296875 0.6245370370370371 0.015104166666666667 0.05462962962962963
2 0.53671875 0.4023148148148148 0.021354166666666667 0.06944444444444445
2 0.8015625 0.5444444444444445 0.017708333333333333 0.06481481481481481
2 0.70234375 0.5967592592592592 0.016145833333333335 0.05462962962962963
3 0.48854166666666665 0.5777777777777777 0.025 0.05185185185185185
2 0.15833333333333333 0.4444444444444444 0.026041666666666668 0.07222222222222222
2 0.3809895833333333 0.42592592592592593 0.0296875 0.06851851851851852
2 0.0864583333333333 0.4810185185185185 0.026041666666666668 0.06759259259259259
2 0.7609375 0.4574074074074074 0.026041666666666668 0.06481481481481481
3 0.6887135416666668 0.7068055555555556 0.011296875000000001 0.04034259259259259
