2 0.35138888888888886 0.45052083333333337 0.03796296296296296 0.010416666666666666
2 0.3921296296296296 0.77421875 0.05092592592592592 0.0078125
2 0.36574074074074076 0.6630208333333334 0.040740740740740744 0.009375
2 0.3402777777777778 0.41484374999999996 0.04351851851851852 0.013020833333333334
2 0.39444444444444443 0.44010416666666663 0.044444444444444446 0.010416666666666666
2 0.3537037037037037 0.26484375000000004 0.044444444444444446 0.009895833333333333
2 0.4125 0.7104166666666667 0.049074074074074076 0.010416666666666666
2 0.4550925925925926 0.70703125 0.049074074074074076 0.013020833333333334
2 0.4013888888888889 0.46119791666666665 0.049074074074074076 0.009895833333333333
1 0.3712962962962963 0.1440104166666667 0.046296296296296294 0.013020833333333334
2 0.40324074074074073 0.6450520833333333 0.05092592592592592 0.013020833333333334
2 0.44212962962962965 0.8622395833333334 0.05648148148148148 0.015104166666666667
2 0.38425925925925924 0.5200520833333333 0.046296296296296294 0.008854166666666666
3 0.4305555555555556 0.5510416666666667 0.05555555555555555 0.009375
2 0.47314814814814815 0.1796875 0.06111111111111111 0.009375
2 0.5018518518518519 0.8958333333333334 0.06666666666666667 0.013541666666666667
2 0.5481481481481482 0.8356770833333333 0.06296296296296296 0.0171875
2 0.44722222222222224 0.3638020833333333 0.05925925925925926 0.0140625
2 0.5148148148148148 0.85625 0.06851851851851852 0.016666666666666666
2 0.5055555555555555 0.6768229166666666 0.06111111111111111 0.0109375
2 0.5254629629629629 0.51953125 0.06018518518518518 0.018229166666666668
2 0.5578703703703703 0.3643229166666667 0.06759259259259259 0.013020833333333334
0 0.3734166666666667 0.2678177083333334 0.010222222222222221 0.005307291666666667
3 0.3501944444444444 0.863890625 0.04477777777777778 0.009958333333333335
