2 0.34895833333333337 0.7606481481481482 0.009375 0.03796296296296296
3 0.79609375 0.7657407407407407 0.008854166666666666 0.03888888888888889
2 0.3263020833333333 0.7481481481481482 0.0140625 0.03518518518518519
2 0.34687500000000004 0.6449074074074075 0.016666666666666666 0.049074074074074076
2 0.2908854166666667 0.6555555555555556 0.015104166666666667 0.05185185185185185
2 0.31903125 0.7231851851851852 0.013421875 0.04066666666666667
3 0.4705729166666667 0.6879629629629629 0.018229166666666668 0.04814814814814815
2 0.41093749999999996 0.7166666666666667 0.016666666666666666 0.03888888888888889
2 0.5533854166666667 0.6800925925925926 0.0109375 0.04722222222222222
2 0.64921875 0.7425925925925926 0.009895833333333333 0.03888888888888889
2 0.8111979166666666 0.7412037037037037 0.009895833333333333 0.03981481481481482
2 0.5794270833333333 0.7430555555555556 0.015104166666666667 0.041666666666666664
2 0.38151041666666663 0.7277777777777779 0.011979166666666667 0.04259259259259259
2 0.5046875 0.5745370370370371 0.01875 0.05648148148148148
2 0.59609375 0.736574074074074 0.011979166666666667 0.04537037037037037
2 0.16979166666666667 0.6148148148148148 0.028125 0.05
2 0.1908854166666667 0.6134259259259259 0.0140625 0.05277777777777778
2 0.29908333333333337 0.5879722222222222 0.020041666666666666 0.05924074074074074
2 0.16249999999999998 0.674074074074074 0.014583333333333334 0.05185185185185185
2 0.4325520833333333 0.6643518518518519 0.019270833333333334 0.049074074074074076
2 0.8393229166666667 0.6513888888888889 0.018229166666666668 0.06018518518518518
2 0.3177291666666666 0.6976574074074074 0.015390625 0.04340740740740741
