2 0.7953703703703704 0.5072916666666667 0.05 0.008333333333333333
2 0.8166666666666667 0.5192708333333333 0.05185185185185185 0.011458333333333333
2 0.799074074074074 0.57890625 0.044444444444444446 0.0078125
2 0.7907407407407407 0.29453125 0.06111111111111111 0.011979166666666667
2 0.8111111111111111 0.5505208333333333 0.05740740740740741 0.016666666666666666
2 0.8013888888888889 0.6125 0.06388888888888888 0.009375
2 0.8171296296296297 0.39791666666666664 0.05462962962962963 0.014583333333333334
2 0.7884259259259259 0.4348958333333333 0.05462962962962963 0.016666666666666666
2 0.7856481481481481 0.44557291666666665 0.05648148148148148 0.016145833333333335
2 0.7847222222222222 0.34088541666666666 0.06018518518518518 0.0140625
2 0.7467592592592592 0.30182291666666666 0.06759259259259259 0.0140625
2 0.749074074074074 0.509375 0.07037037037037037 0.016666666666666666
2 0.7324074074074074 0.7669270833333334 0.07222222222222222 0.016145833333333335
2 0.762962962962963 0.5856770833333333 0.07037037037037037 0.018229166666666668
2 0.7384259259259259 0.265625 0.0712962962962963 0.017708333333333333
2 0.7101851851851853 0.6890625 0.07037037037037037 0.01875
2 0.675 0.2765625 0.08333333333333333 0.014583333333333334
2 0.7731481481481481 0.7278645833333334 0.06481481481481481 0.0203125
3 0.7111111111111111 0.4635416666666667 0.07592592592592592 0.021875
2 0.6592592592592592 0.7411458333333333 0.08148148148148149 0.025
3 0.8454814814814815 0.234640625 0.055740740740740743 0.013682291666666667
0 0.9572685185185186 0.46119791666666665 0.013083333333333334 0.006911458333333333
