2 0.4046875 0.7430555555555556 0.011458333333333333 0.03611111111111111
2 0.43619791666666663 0.6986111111111111 0.0109375 0.028703703703703703
2 0.30390625000000004 0.7564814814814815 0.0109375 0.037037037037037035
2 0.26822916666666663 0.7462962962962962 0.008333333333333333 0.040740740740740744
2 0.7372395833333334 0.7467592592592592 0.0067708333333333336 0.03981481481481482
2 0.5697916666666667 0.7518518518518519 0.009375 0.037037037037037035
2 0.7204375000000001 0.7228333333333334 0.016916666666666667 0.04321296296296297
3 0.7760416666666666 0.7698333333333334 0.013541666666666667 0.03611111111111111
2 0.24505208333333328 0.7287037037037036 0.011979166666666667 0.040740740740740744
2 0.3536458333333333 0.6342592592592593 0.011458333333333333 0.05740740740740741
2 0.22864583333333333 0.7148148148148148 0.010416666666666666 0.05
2 0.1684895833333333 0.6560185185185186 0.011979166666666667 0.06018518518518518
2 0.36302083333333335 0.7074074074074075 0.010416666666666666 0.04814814814814815
2 0.43828124999999996 0.6643518518518519 0.013020833333333334 0.05462962962962963
3 0.48203125 0.6930555555555555 0.0109375 0.05277777777777778
2 0.5294270833333333 0.6606481481481481 0.0109375 0.05462962962962963
2 0.6263020833333333 0.5828703703703704 0.015104166666666667 0.062037037037037036
2 0.28776041666666663 0.6486111111111111 0.0109375 0.058333333333333334
2 0.19687500000000002 0.5648148148148149 0.014583333333333334 0.06851851851851852
2 0.8763020833333334 0.6768518518518518 0.0140625 0.053703703703703705
2 0.41145833333333337 0.5726851851851852 0.014583333333333334 0.06759259259259259
2 0.1401041666666667 0.5657407407407408 0.0125 0.06666666666666667
0 0.5844427083333333 0.7313518518518518 0.004828125 0.01000925925925926
