2 0.3310185185185185 0.59296875 0.04722222222222222 0.027604166666666666
2 0.6462962962962964 0.23854166666666668 0.044444444444444446 0.0125
3 0.3277777777777777 0.975 0.07777777777777778 0.028125
2 0.638425925925926 0.28958333333333336 0.04351851851851852 0.009375
2 0.6833333333333333 0.5015625 0.03888888888888889 0.009375
2 0.5828703703703704 0.3190104166666667 0.05462962962962963 0.0109375
2 0.6689814814814814 0.43385416666666665 0.041666666666666664 0.008333333333333333
2 0.6180555555555556 0.5932291666666667 0.05277777777777778 0.010416666666666666
2 0.5569444444444445 0.20755208333333333 0.06018518518518518 0.0109375
1 0.5949074074074074 0.9395833333333333 0.05462962962962963 0.0125
2 0.5666666666666667 0.196875 0.05925925925925926 0.013541666666666667
3 0.5467592592592593 0.3059895833333333 0.06018518518518518 0.013020833333333334
2 0.44999999999999996 0.73671875 0.07222222222222222 0.016145833333333335
2 0.5324074074074074 0.75390625 0.05555555555555555 0.021354166666666667
2 0.3662037037037037 0.6716145833333333 0.0787037037037037 0.0265625
2 0.40509259259259256 0.12604166666666666 0.08055555555555556 0.019791666666666666
2 0.37222222222222223 0.7502604166666667 0.06111111111111111 0.0203125
2 0.6027777777777779 0.5838541666666667 0.05555555555555555 0.0125
2 0.4097222222222222 0.91015625 0.0787037037037037 0.022395833333333334
2 0.33333333333333337 0.8138020833333334 0.08703703703703704 0.018229166666666668
2 0.36990740740740746 0.29609375 0.08611111111111111 0.0203125
2 0.287962962962963 0.14583333333333334 0.09259259259259259 0.022916666666666665
0 0.5108796296296296 0.746703125 0.013157407407407408 0.006671875
2 0.6903703703703704 0.30669270833333334 0.03975 0.012640624999999999
3 0.7223796296296296 0.214859375 0.03543518518518519 0.008812500000000001
