2 0.2763020833333333 0.7421296296296296 0.008854166666666666 0.04537037037037037
2 0.2833333333333333 0.7388888888888889 0.009375 0.044444444444444446
2 0.4130208333333333 0.7944444444444445 0.011458333333333333 0.03333333333333333
2 0.24895833333333328 0.7152777777777778 0.009375 0.04722222222222222
2 0.3861302083333332 0.7800555555555555 0.016942708333333334 0.03618518518518518
2 0.21770833333333328 0.6990740740740741 0.008333333333333333 0.046296296296296294
2 0.3401666666666666 0.7235462962962963 0.009244791666666667 0.0507962962962963
3 0.48463541666666665 0.7643518518518518 0.0078125 0.041666666666666664
2 0.4239583333333333 0.7587962962962963 0.010416666666666666 0.041666666666666664
2 0.2544270833333333 0.6768518518518518 0.008854166666666666 0.053703703703703705
2 0.58203125 0.774537037037037 0.008854166666666666 0.03981481481481482
2 0.2377604166666667 0.6754629629629629 0.009895833333333333 0.05092592592592592
2 0.3260416666666667 0.6523148148148148 0.016666666666666666 0.05462962962962963
2 0.8606770833333334 0.7050925925925926 0.0109375 0.05277777777777778
2 0.8354166666666667 0.6328703703703704 0.017708333333333333 0.06574074074074074
2 0.5236979166666667 0.6930555555555555 0.0171875 0.049074074074074076
2 0.5986979166666666 0.700925925925926 0.0140625 0.05185185185185185
2 0.8434895833333333 0.7060185185185186 0.0109375 0.05462962962962963
0 0.3956354166666666 0.765 0.005458333333333333 0.010972222222222222
2 0.42381250000000004 0.7934166666666667 0.014093749999999999 0.037731481481481484
1 0.191640625 0.7135648148148148 0.014182291666666668 0.04239814814814815
2 0.33986979166666664 0.7428333333333333 0.014401041666666666 0.04313888888888889
