2 0.3622291666666667 0.8066111111111112 0.008833333333333334 0.059527777777777784
2 0.3549479166666667 0.8226851851851852 0.0109375 0.04722222222222222
2 0.3677083333333333 0.799537037037037 0.010416666666666666 0.05277777777777778
2 0.3934895833333333 0.8226851851851852 0.0140625 0.049074074074074076
3 0.8091145833333333 0.8342592592592593 0.011979166666666667 0.05
2 0.5669270833333333 0.8217592592592593 0.013020833333333334 0.04722222222222222
2 0.5364583333333333 0.7888888888888889 0.0125 0.05925925925925926
2 0.44062500000000004 0.7902777777777777 0.014583333333333334 0.06018518518518518
2 0.50625 0.7912037037037037 0.014583333333333334 0.05462962962962963
2 0.7182291666666667 0.7967592592592593 0.019791666666666666 0.05092592592592592
2 0.24505208333333328 0.7888888888888889 0.013020833333333334 0.05925925925925926
2 0.7041666666666666 0.7361111111111112 0.011458333333333333 0.06666666666666667
2 0.40364583333333337 0.7666666666666666 0.016666666666666666 0.05740740740740741
2 0.21067708333333335 0.750462962962963 0.0109375 0.06759259259259259
2 0.7403645833333333 0.7981481481481482 0.011979166666666667 0.06111111111111111
2 0.17031249999999998 0.6675925925925925 0.010416666666666666 0.07777777777777778
2 0.2494791666666667 0.7037037037037037 0.013541666666666667 0.06851851851851852
2 0.8091145833333333 0.7310185185185185 0.021354166666666667 0.06759259259259259
2 0.5393229166666667 0.7259259259259259 0.021354166666666667 0.05925925925925926
3 0.446875 0.7398148148148148 0.014583333333333334 0.07037037037037037
2 0.75234375 0.6430555555555555 0.018229166666666668 0.08425925925925926
