2 0.7421296296296296 0.7236979166666667 0.04537037037037037 0.008854166666666666
2 0.7388888888888889 0.7166666666666667 0.044444444444444446 0.009375
2 0.7944444444444445 0.5869791666666667 0.03333333333333333 0.011458333333333333
2 0.7152777777777778 0.7510416666666667 0.04722222222222222 0.009375
2 0.7800555555555555 0.6138697916666668 0.03618518518518518 0.016942708333333334
2 0.6990740740740741 0.7822916666666667 0.046296296296296294 0.008333333333333333
2 0.7235462962962963 0.6598333333333334 0.0507962962962963 0.009244791666666667
3 0.7643518518518518 0.5153645833333333 0.041666666666666664 0.0078125
2 0.7587962962962963 0.5760416666666667 0.041666666666666664 0.010416666666666666
2 0.6768518518518518 0.7455729166666667 0.053703703703703705 0.008854166666666666
2 0.774537037037037 0.41796875 0.03981481481481482 0.008854166666666666
2 0.6754629629629629 0.7622395833333333 0.05092592592592592 0.009895833333333333
2 0.6523148148148148 0.6739583333333333 0.05462962962962963 0.016666666666666666
2 0.7050925925925926 0.13932291666666666 0.05277777777777778 0.0109375
2 0.6328703703703704 0.16458333333333333 0.06574074074074074 0.017708333333333333
2 0.6930555555555555 0.47630208333333335 0.049074074074074076 0.0171875
2 0.700925925925926 0.40130208333333334 0.05185185185185185 0.0140625
2 0.7060185185185186 0.15651041666666668 0.05462962962962963 0.0109375
0 0.765 0.6043645833333334 0.010972222222222222 0.005458333333333333
2 0.7934166666666667 0.5761875 0.037731481481481484 0.014093749999999999
1 0.7135648148148148 0.808359375 0.04239814814814815 0.014182291666666668
2 0.7428333333333333 0.6601302083333334 0.04313888888888889 0.014401041666666666
