2 0.23239814814814816 0.3818020833333333 0.037648148148148146 0.008270833333333333
2 0.2972222222222222 0.24296874999999996 0.05185185185185185 0.011979166666666667
2 0.2657407407407407 0.3153645833333333 0.046296296296296294 0.009895833333333333
2 0.22777777777777777 0.4263020833333333 0.037037037037037035 0.0109375
2 0.2763888888888889 0.29270833333333335 0.04351851851851852 0.0125
2 0.30648148148148147 0.23072916666666665 0.046296296296296294 0.010416666666666666
2 0.2675925925925926 0.45390624999999996 0.046296296296296294 0.008854166666666666
2 0.29212962962962963 0.3075520833333333 0.049074074074074076 0.008854166666666666
3 0.25972222222222224 0.47968750000000004 0.04722222222222222 0.009375
2 0.2884259259259259 0.3588541666666667 0.049074074074074076 0.009375
2 0.3300925925925926 0.24973958333333335 0.05277777777777778 0.013020833333333334
2 0.24027777777777778 0.6455729166666666 0.03796296296296296 0.008854166666666666
2 0.31342592592592594 0.8567708333333334 0.05277777777777778 0.009375
2 0.3347222222222222 0.20885416666666667 0.05092592592592592 0.010416666666666666
2 0.31805555555555554 0.5940104166666667 0.05277777777777778 0.009895833333333333
2 0.3773148148148148 0.28880208333333335 0.058333333333333334 0.013020833333333334
2 0.3138888888888889 0.8231770833333334 0.05555555555555555 0.0109375
2 0.3236111111111111 0.503125 0.05277777777777778 0.015625
2 0.38564814814814813 0.8393229166666667 0.06574074074074074 0.0171875
1 0.2931944444444444 0.17494270833333336 0.043194444444444445 0.012067708333333335
2 0.22664814814814815 0.37826562499999994 0.037814814814814815 0.008557291666666666
3 0.24541666666666667 0.9698489583333333 0.056916666666666664 0.012442708333333333
