0 0.6143518518518518 0.6408854166666667 0.010185185185185186 0.005729166666666666
2 0.7435185185185185 0.44140625 0.03888888888888889 0.0078125
2 0.7620370370370371 0.38385416666666666 0.037037037037037035 0.011458333333333333
2 0.7458333333333333 0.48828125 0.04537037037037037 0.008854166666666666
2 0.736574074074074 0.221875 0.04351851851851852 0.009375
2 0.7342592592592593 0.6346354166666667 0.04259259259259259 0.008854166666666666
2 0.7388888888888889 0.471875 0.04259259259259259 0.009375
3 0.6800925925925926 0.33880208333333334 0.049074074074074076 0.009895833333333333
1 0.6796296296296296 0.9505208333333334 0.05185185185185185 0.013541666666666667
2 0.736574074074074 0.6153645833333333 0.04722222222222222 0.015104166666666667
2 0.6532407407407408 0.6075520833333333 0.05092592592592592 0.0109375
2 0.6458333333333333 0.36484375 0.05462962962962963 0.015104166666666667
2 0.7171296296296297 0.28880208333333335 0.049074074074074076 0.011979166666666667
2 0.674074074074074 0.153125 0.05555555555555555 0.011458333333333333
2 0.674074074074074 0.16640625 0.053703703703703705 0.011979166666666667
2 0.561574074074074 0.8830729166666667 0.0712962962962963 0.016145833333333335
2 0.5842592592592593 0.4401041666666667 0.05740740740740741 0.010416666666666666
2 0.5675925925925926 0.5994791666666667 0.06481481481481481 0.020833333333333332
2 0.6412037037037037 0.6502604166666667 0.06018518518518518 0.0109375
2 0.5004629629629629 0.19088541666666667 0.07685185185185185 0.016145833333333335
2 0.2662037037037037 0.3296875 0.10277777777777777 0.029166666666666667
2 0.6597222222222222 0.4203125 0.05092592592592592 0.011458333333333333
2 0.48657407407407405 0.32421875 0.0787037037037037 0.0203125
3 0.7590462962962963 0.15505729166666665 0.043416666666666666 0.012255208333333333
