2 0.355824074074074 0.05283333333333333 0.06427777777777778 0.021296875
2 0.6296296296296297 0.775 0.040740740740740744 0.011458333333333333
1 0.6393518518518518 0.15416666666666667 0.04722222222222222 0.0125
2 0.6282407407407408 0.42265625 0.03981481481481482 0.013020833333333334
2 0.6509259259259259 0.7268229166666667 0.040740740740740744 0.013020833333333334
2 0.5402777777777779 0.2903645833333333 0.05648148148148148 0.011979166666666667
2 0.6069444444444445 0.40625 0.04537037037037037 0.014583333333333334
3 0.537962962962963 0.4427083333333333 0.05925925925925926 0.013541666666666667
2 0.5421296296296296 0.26588541666666665 0.05648148148148148 0.0140625
2 0.3916666666666667 0.2916666666666667 0.07592592592592592 0.014583333333333334
2 0.42314814814814816 0.4236979166666667 0.07777777777777778 0.016145833333333335
2 0.4708333333333333 0.3606770833333333 0.06944444444444445 0.0109375
2 0.4449074074074074 0.23567708333333334 0.06944444444444445 0.019270833333333334
2 0.4046296296296297 0.06432291666666666 0.06111111111111111 0.033854166666666664
2 0.34305555555555556 0.64140625 0.08796296296296297 0.0203125
2 0.4546296296296296 0.6497395833333334 0.06666666666666667 0.0171875
2 0.36250000000000004 0.91328125 0.08055555555555556 0.016145833333333335
2 0.3495370370370371 0.5427083333333333 0.08055555555555556 0.020833333333333332
2 0.5217592592592593 0.5283854166666667 0.058333333333333334 0.016145833333333335
2 0.35138888888888886 0.78828125 0.08611111111111111 0.0234375
2 0.37916666666666665 0.31744791666666666 0.0824074074074074 0.019270833333333334
2 0.5087962962962963 0.8583333333333333 0.06388888888888888 0.016666666666666666
3 0.72075 0.5173020833333334 0.035583333333333335 0.008432291666666668
