2 0.644175925925926 0.9471666666666667 0.06427777777777778 0.021296875
2 0.37037037037037035 0.22499999999999998 0.040740740740740744 0.011458333333333333
1 0.36064814814814816 0.8458333333333333 0.04722222222222222 0.0125
2 0.37175925925925923 0.57734375 0.03981481481481482 0.013020833333333334
2 0.3490740740740741 0.27317708333333335 0.040740740740740744 0.013020833333333334
2 0.4597222222222222 0.7096354166666667 0.05648148148148148 0.011979166666666667
2 0.39305555555555555 0.59375 0.04537037037037037 0.014583333333333334
3 0.462037037037037 0.5572916666666667 0.05925925925925926 0.013541666666666667
2 0.45787037037037037 0.7341145833333333 0.05648148148148148 0.0140625
2 0.6083333333333333 0.7083333333333333 0.07592592592592592 0.014583333333333334
2 0.5768518518518518 0.5763020833333333 0.07777777777777778 0.016145833333333335
2 0.5291666666666667 0.6393229166666667 0.06944444444444445 0.0109375
2 0.5550925925925926 0.7643229166666666 0.06944444444444445 0.019270833333333334
2 0.5953703703703703 0.9356770833333333 0.06111111111111111 0.033854166666666664
2 0.6569444444444444 0.35859375000000004 0.08796296296296297 0.0203125
2 0.5453703703703704 0.35026041666666663 0.06666666666666667 0.0171875
2 0.6375 0.08671874999999996 0.08055555555555556 0.016145833333333335
2 0.6504629629629629 0.45729166666666665 0.08055555555555556 0.020833333333333332
2 0.47824074074074074 0.4716145833333333 0.058333333333333334 0.016145833333333335
2 0.6486111111111111 0.21171874999999996 0.08611111111111111 0.0234375
2 0.6208333333333333 0.6825520833333334 0.0824074074074074 0.019270833333333334
2 0.4912037037037037 0.14166666666666672 0.06388888888888888 0.016666666666666666
3 0.27925 0.4826979166666666 0.035583333333333335 0.008432291666666668
