2 0.7430555555555556 0.5953125 0.03611111111111111 0.011458333333333333
2 0.6986111111111111 0.5638020833333334 0.028703703703703703 0.0109375
2 0.7564814814814815 0.69609375 0.037037037037037035 0.0109375
2 0.7462962962962962 0.7317708333333334 0.040740740740740744 0.008333333333333333
2 0.7467592592592592 0.26276041666666666 0.03981481481481482 0.0067708333333333336
2 0.7518518518518519 0.43020833333333336 0.037037037037037035 0.009375
2 0.7228333333333334 0.2795625 0.04321296296296297 0.016916666666666667
3 0.7698333333333334 0.22395833333333334 0.03611111111111111 0.013541666666666667
2 0.7287037037037036 0.7549479166666667 0.040740740740740744 0.011979166666666667
2 0.6342592592592593 0.6463541666666667 0.05740740740740741 0.011458333333333333
2 0.7148148148148148 0.7713541666666667 0.05 0.010416666666666666
2 0.6560185185185186 0.8315104166666667 0.06018518518518518 0.011979166666666667
2 0.7074074074074075 0.6369791666666667 0.04814814814814815 0.010416666666666666
2 0.6643518518518519 0.56171875 0.05462962962962963 0.013020833333333334
3 0.6930555555555555 0.51796875 0.05277777777777778 0.0109375
2 0.6606481481481481 0.4705729166666667 0.05462962962962963 0.0109375
2 0.5828703703703704 0.3736979166666667 0.062037037037037036 0.015104166666666667
2 0.6486111111111111 0.7122395833333334 0.058333333333333334 0.0109375
2 0.5648148148148149 0.803125 0.06851851851851852 0.014583333333333334
2 0.6768518518518518 0.12369791666666667 0.053703703703703705 0.0140625
2 0.5726851851851852 0.5885416666666666 0.06759259259259259 0.014583333333333334
2 0.5657407407407408 0.8598958333333333 0.06666666666666667 0.0125
0 0.7313518518518518 0.41555729166666666 0.01000925925925926 0.004828125
