2 0.2569444444444444 0.4046875 0.03611111111111111 0.011458333333333333
2 0.30138888888888893 0.43619791666666663 0.028703703703703703 0.0109375
2 0.24351851851851847 0.30390625000000004 0.037037037037037035 0.0109375
2 0.25370370370370376 0.26822916666666663 0.040740740740740744 0.008333333333333333
2 0.25324074074074077 0.7372395833333334 0.03981481481481482 0.0067708333333333336
2 0.24814814814814812 0.5697916666666667 0.037037037037037035 0.009375
2 0.27716666666666656 0.7204375000000001 0.04321296296296297 0.016916666666666667
3 0.23016666666666663 0.7760416666666666 0.03611111111111111 0.013541666666666667
2 0.27129629629629637 0.24505208333333328 0.040740740740740744 0.011979166666666667
2 0.3657407407407407 0.3536458333333333 0.05740740740740741 0.011458333333333333
2 0.2851851851851852 0.22864583333333333 0.05 0.010416666666666666
2 0.34398148148148144 0.1684895833333333 0.06018518518518518 0.011979166666666667
2 0.2925925925925925 0.36302083333333335 0.04814814814814815 0.010416666666666666
2 0.33564814814814814 0.43828124999999996 0.05462962962962963 0.013020833333333334
3 0.30694444444444446 0.48203125 0.05277777777777778 0.0109375
2 0.3393518518518519 0.5294270833333333 0.05462962962962963 0.0109375
2 0.41712962962962963 0.6263020833333333 0.062037037037037036 0.015104166666666667
2 0.35138888888888886 0.28776041666666663 0.058333333333333334 0.0109375
2 0.4351851851851851 0.19687500000000002 0.06851851851851852 0.014583333333333334
2 0.3231481481481482 0.8763020833333334 0.053703703703703705 0.0140625
2 0.4273148148148148 0.41145833333333337 0.06759259259259259 0.014583333333333334
2 0.43425925925925923 0.1401041666666667 0.06666666666666667 0.0125
0 0.2686481481481482 0.5844427083333333 0.01000925925925926 0.004828125
