3 0.7789537037037038 0.21571875000000001 0.04124074074074074 0.010223958333333333
0 0.6791666666666667 0.790625 0.012037037037037037 0.00625
2 0.7564814814814815 0.34348958333333335 0.03888888888888889 0.008854166666666666
2 0.5462962962962963 0.1140625 0.07222222222222222 0.017708333333333333
2 0.7208333333333333 0.40546875 0.041666666666666664 0.013020833333333334
2 0.7212962962962963 0.25885416666666666 0.046296296296296294 0.011458333333333333
2 0.525462962962963 0.10390625 0.06388888888888888 0.013020833333333334
2 0.7398148148148148 0.6302083333333334 0.044444444444444446 0.010416666666666666
2 0.6777777777777778 0.27682291666666664 0.05 0.019270833333333334
2 0.6925925925925926 0.153125 0.05185185185185185 0.013541666666666667
2 0.7476851851851851 0.6778645833333333 0.03981481481481482 0.0171875
2 0.6837962962962962 0.5552083333333333 0.049074074074074076 0.0125
2 0.5902777777777778 0.52421875 0.06574074074074074 0.022395833333333334
2 0.6851851851851851 0.6815104166666667 0.040740740740740744 0.018229166666666668
2 0.6453703703703704 0.19791666666666666 0.06111111111111111 0.014583333333333334
2 0.524537037037037 0.5065104166666666 0.06759259259259259 0.0234375
2 0.6032407407407407 0.4434895833333333 0.062037037037037036 0.0203125
2 0.6 0.17708333333333334 0.06481481481481481 0.022916666666666665
3 0.5935185185185186 0.31927083333333334 0.06851851851851852 0.017708333333333333
2 0.274537037037037 0.35260416666666666 0.10648148148148148 0.026041666666666668
2 0.6513888888888889 0.9075520833333334 0.058333333333333334 0.009895833333333333
2 0.44120370370370365 0.8760416666666667 0.08981481481481482 0.025
