2 0.7606481481481482 0.6510416666666666 0.03796296296296296 0.009375
3 0.7657407407407407 0.20390625 0.03888888888888889 0.008854166666666666
2 0.7481481481481482 0.6736979166666667 0.03518518518518519 0.0140625
2 0.6449074074074075 0.653125 0.049074074074074076 0.016666666666666666
2 0.6555555555555556 0.7091145833333333 0.05185185185185185 0.015104166666666667
2 0.7231851851851852 0.68096875 0.04066666666666667 0.013421875
3 0.6879629629629629 0.5294270833333333 0.04814814814814815 0.018229166666666668
2 0.7166666666666667 0.5890625 0.03888888888888889 0.016666666666666666
2 0.6800925925925926 0.4466145833333333 0.04722222222222222 0.0109375
2 0.7425925925925926 0.35078125 0.03888888888888889 0.009895833333333333
2 0.7412037037037037 0.18880208333333334 0.03981481481481482 0.009895833333333333
2 0.7430555555555556 0.4205729166666667 0.041666666666666664 0.015104166666666667
2 0.7277777777777779 0.6184895833333334 0.04259259259259259 0.011979166666666667
2 0.5745370370370371 0.4953125 0.05648148148148148 0.01875
2 0.736574074074074 0.40390625 0.04537037037037037 0.011979166666666667
2 0.6148148148148148 0.8302083333333333 0.05 0.028125
2 0.6134259259259259 0.8091145833333333 0.05277777777777778 0.0140625
2 0.5879722222222222 0.7009166666666666 0.05924074074074074 0.020041666666666666
2 0.674074074074074 0.8375 0.05185185185185185 0.014583333333333334
2 0.6643518518518519 0.5674479166666667 0.049074074074074076 0.019270833333333334
2 0.6513888888888889 0.16067708333333333 0.06018518518518518 0.018229166666666668
2 0.6976574074074074 0.6822708333333334 0.04340740740740741 0.015390625
