2 0.8046481481481482 0.6164427083333333 0.058879629629629636 0.020380208333333334
3 0.8715833333333334 0.22888541666666665 0.06168518518518519 0.014020833333333335
2 0.7893518518518519 0.6098958333333333 0.0712962962962963 0.026041666666666668
2 0.8356481481481481 0.5583333333333333 0.05648148148148148 0.020833333333333332
2 0.8060185185185185 0.39401041666666664 0.06944444444444445 0.018229166666666668
2 0.812037037037037 0.33203125 0.06666666666666667 0.0140625
2 0.8097222222222222 0.4484375 0.06574074074074074 0.0125
2 0.7587962962962963 0.29140625 0.0712962962962963 0.0140625
2 0.8208333333333333 0.5138020833333333 0.06018518518518518 0.013020833333333334
2 0.8078703703703703 0.5440104166666667 0.062037037037037036 0.0171875
2 0.8134259259259259 0.26901041666666664 0.0712962962962963 0.013020833333333334
2 0.8240740740740741 0.6755208333333333 0.06481481481481481 0.021875
2 0.7949074074074074 0.7822916666666667 0.06944444444444445 0.013541666666666667
2 0.6976851851851852 0.30026041666666664 0.08425925925925926 0.019270833333333334
3 0.7351851851851852 0.45703125 0.07962962962962963 0.018229166666666668
2 0.774537037037037 0.48020833333333335 0.07314814814814814 0.013541666666666667
2 0.7597222222222222 0.23645833333333333 0.075 0.019791666666666666
2 0.7467592592592592 0.80546875 0.07685185185185185 0.022395833333333334
2 0.787037037037037 0.6578125 0.06296296296296296 0.027083333333333334
2 0.674537037037037 0.76796875 0.08425925925925926 0.0171875
2 0.7157407407407408 0.7036458333333333 0.07777777777777778 0.030208333333333334
2 0.8422592592592593 0.39272395833333335 0.06281481481481482 0.021104166666666667
0 0.8619907407407408 0.5660260416666667 0.009166666666666667 0.004666666666666667
