2 0.7162037037037037 0.3497708333333333 0.03611111111111111 0.013994791666666668
1 0.6875 0.92578125 0.049074074074074076 0.009895833333333333
2 0.7310185185185185 0.32005208333333335 0.03425925925925926 0.011979166666666667
2 0.7518518518518519 0.70390625 0.03888888888888889 0.0109375
2 0.6833333333333333 0.22708333333333333 0.046296296296296294 0.010416666666666666
2 0.6800925925925926 0.36015625 0.049074074074074076 0.013020833333333334
2 0.6819444444444445 0.65078125 0.04537037037037037 0.011979166666666667
2 0.6550925925925926 0.2359375 0.05092592592592592 0.0125
2 0.6814814814814815 0.6244791666666667 0.03888888888888889 0.013541666666666667
2 0.7226851851851852 0.6151041666666667 0.04351851851851852 0.009375
2 0.6851851851851851 0.8125 0.04814814814814815 0.009375
2 0.649537037037037 0.75390625 0.05092592592592592 0.013020833333333334
2 0.5694444444444444 0.65859375 0.05740740740740741 0.011979166666666667
2 0.6083333333333334 0.19348958333333333 0.05555555555555555 0.015104166666666667
2 0.625925925925926 0.5518229166666667 0.053703703703703705 0.0109375
2 0.625 0.5369791666666667 0.05740740740740741 0.0125
3 0.6361111111111111 0.4010416666666667 0.05740740740740741 0.011458333333333333
2 0.4708333333333333 0.234375 0.07685185185185185 0.01875
2 0.5101851851851852 0.8966145833333333 0.07592592592592592 0.016145833333333335
2 0.3194444444444444 0.6057291666666667 0.09814814814814815 0.019791666666666666
2 0.5203703703703704 0.19557291666666668 0.06851851851851852 0.0234375
3 0.7537685185185186 0.19280729166666666 0.0427037037037037 0.011901041666666667
2 0.7533703703703704 0.3595416666666667 0.03716666666666667 0.011598958333333333
0 0.6568518518518518 0.6631979166666666 0.010546296296296297 0.005276041666666667
