0 0.5294270833333333 0.8 0.005729166666666666 0.011111111111111112
2 0.49749479166666666 0.8591111111111112 0.014536458333333334 0.0515462962962963
2 0.4552083333333333 0.8018518518518518 0.016666666666666666 0.05740740740740741
2 0.2744791666666667 0.7453703703703703 0.016666666666666666 0.07222222222222222
2 0.56953125 0.8287037037037037 0.0203125 0.04814814814814815
2 0.6140625 0.8212962962962963 0.019791666666666666 0.05185185185185185
2 0.4369791666666667 0.8412037037037037 0.015625 0.05462962962962963
2 0.6309895833333333 0.7967592592592593 0.018229166666666668 0.06388888888888888
2 0.42421875 0.8171296296296297 0.0140625 0.062037037037037036
2 0.92265625 0.7865740740740741 0.0140625 0.0712962962962963
2 0.46406250000000004 0.7712962962962963 0.01875 0.06481481481481481
2 0.66640625 0.8064814814814815 0.0171875 0.06296296296296296
2 0.8130208333333333 0.7833333333333333 0.019791666666666666 0.06666666666666667
2 0.7885416666666667 0.7111111111111111 0.011458333333333333 0.07962962962962963
3 0.6528645833333333 0.7456944444444444 0.024479166666666666 0.0712962962962963
2 0.9171875 0.7078703703703704 0.01875 0.07685185185185185
2 0.5768229166666667 0.7462962962962962 0.0234375 0.07407407407407407
2 0.52265625 0.5893518518518519 0.028645833333333332 0.09351851851851851
2 0.3036458333333333 0.787037037037037 0.023958333333333335 0.06666666666666667
2 0.4002604166666667 0.7527777777777778 0.025520833333333333 0.07222222222222222
2 0.43046874999999996 0.7152777777777778 0.027604166666666666 0.06759259259259259
2 0.20572916666666663 0.6935185185185185 0.015625 0.07592592592592592
