3 0.8307760416666666 0.8372592592592593 0.01240625 0.05431481481481481
2 0.5809895833333334 0.8300925925925926 0.016145833333333335 0.04722222222222222
2 0.4604166666666667 0.8143518518518519 0.014583333333333334 0.04351851851851852
2 0.39375000000000004 0.8291666666666666 0.010416666666666666 0.049074074074074076
2 0.3153645833333333 0.8185185185185185 0.0109375 0.05185185185185185
2 0.475 0.7972222222222223 0.019791666666666666 0.05
2 0.73515625 0.8092592592592592 0.009895833333333333 0.05555555555555555
2 0.5401041666666666 0.8060185185185185 0.016666666666666666 0.06388888888888888
2 0.55390625 0.8032407407407407 0.013020833333333334 0.058333333333333334
2 0.34609375 0.8101851851851851 0.0140625 0.044444444444444446
2 0.80546875 0.8050925925925926 0.013020833333333334 0.05648148148148148
2 0.37109375 0.8375 0.0140625 0.04351851851851852
2 0.8658854166666666 0.7347222222222223 0.0140625 0.06944444444444445
2 0.3002604166666667 0.8023148148148148 0.019270833333333334 0.04537037037037037
2 0.715625 0.7379629629629629 0.016666666666666666 0.06666666666666667
2 0.22552083333333328 0.7564814814814815 0.014583333333333334 0.06666666666666667
3 0.4447916666666667 0.7560185185185185 0.016666666666666666 0.06388888888888888
2 0.3690104166666667 0.7685185185185185 0.013020833333333334 0.06481481481481481
2 0.7364583333333333 0.6305555555555555 0.015625 0.08518518518518518
2 0.23828125 0.6736111111111112 0.0140625 0.075
2 0.5455729166666667 0.6777777777777778 0.0171875 0.07777777777777778
2 0.1479166666666667 0.6759259259259259 0.014583333333333334 0.07407407407407407
