0 0.4078125 0.37175925925925923 0.007291666666666667 0.012037037037037037
2 0.7046875 0.6925925925925926 0.008333333333333333 0.037037037037037035
2 0.4005208333333333 0.6356481481481482 0.009375 0.04537037037037037
2 0.7580729166666667 0.6189814814814815 0.008854166666666666 0.049074074074074076
2 0.80390625 0.5953703703703703 0.0109375 0.05
2 0.43671875000000004 0.47731481481481486 0.013020833333333334 0.062037037037037036
2 0.40104166666666663 0.5689814814814815 0.014583333333333334 0.049074074074074076
2 0.5291666666666667 0.6907407407407408 0.008333333333333333 0.03888888888888889
2 0.8927083333333333 0.45972222222222225 0.016666666666666666 0.075
2 0.5890625 0.6777777777777778 0.009375 0.040740740740740744
2 0.42213541666666665 0.6583333333333333 0.008854166666666666 0.046296296296296294
3 0.7260416666666667 0.5560185185185185 0.0125 0.06018518518518518
2 0.8174479166666666 0.5740740740740741 0.0109375 0.05925925925925926
1 0.10416666666666663 0.5990740740740741 0.011458333333333333 0.05555555555555555
3 0.034635416666666696 0.3462962962962963 0.015104166666666667 0.07407407407407407
2 0.41640625 0.4550925925925926 0.015104166666666667 0.06759259259259259
2 0.72421875 0.38657407407407407 0.018229166666666668 0.07685185185185185
2 0.4682291666666667 0.3277777777777777 0.029166666666666667 0.07037037037037037
2 0.83984375 0.375462962962963 0.016145833333333335 0.0824074074074074
2 0.4013020833333333 0.32499999999999996 0.018229166666666668 0.08333333333333333
2 0.21588541666666672 0.4101851851851852 0.018229166666666668 0.07592592592592592
2 0.09453124999999996 0.3763888888888889 0.025520833333333333 0.08611111111111111
3 0.8096197916666666 0.7190833333333333 0.011416666666666667 0.035925925925925924
2 0.760921875 0.6637407407407407 0.008458333333333333 0.040407407407407406
2 0.7678541666666666 0.6660277777777778 0.007833333333333333 0.03989814814814815
