2 0.5666666666666667 0.31953125 0.040740740740740744 0.009895833333333333
2 0.674074074074074 0.45260416666666664 0.02962962962962963 0.00625
3 0.06812962962962965 0.92234375 0.0767037037037037 0.020942708333333334
2 0.3212962962962963 0.2908854166666667 0.05925925925925926 0.016145833333333335
2 0.3194444444444444 0.27786458333333336 0.053703703703703705 0.0296875
1 0.6458333333333333 0.23203125 0.03425925925925926 0.0140625
2 0.5925925925925926 0.33203125 0.03888888888888889 0.0078125
2 0.4833333333333333 0.2526041666666667 0.044444444444444446 0.0125
2 0.5523148148148148 0.3528645833333333 0.04537037037037037 0.0109375
2 0.7041666666666666 0.5908854166666667 0.032407407407407406 0.009895833333333333
2 0.5930555555555556 0.4552083333333333 0.04351851851851852 0.013541666666666667
2 0.6162037037037037 0.36380208333333336 0.041666666666666664 0.011979166666666667
2 0.6333333333333333 0.7520833333333333 0.037037037037037035 0.007291666666666667
2 0.6689814814814814 0.4640625 0.03425925925925926 0.008333333333333333
2 0.5462962962962963 0.575 0.040740740740740744 0.010416666666666666
3 0.5287037037037037 0.4359375 0.046296296296296294 0.010416666666666666
2 0.375462962962963 0.17630208333333333 0.049074074074074076 0.0234375
2 0.41620370370370374 0.4080729166666667 0.06018518518518518 0.015104166666666667
2 0.4708333333333333 0.7604166666666666 0.04722222222222222 0.010416666666666666
2 0.4634259259259259 0.3411458333333333 0.05648148148148148 0.011458333333333333
2 0.5527777777777778 0.5895833333333333 0.04814814814814815 0.009375
2 0.31712962962962965 0.15390625 0.05277777777777778 0.024479166666666666
2 0.4037037037037037 0.88359375 0.05925925925925926 0.013020833333333334
3 0.7599537037037037 0.4941302083333333 0.030953703703703702 0.008203125
