2 0.29289814814814813 0.41384895833333324 0.03138888888888889 0.009250000000000001
2 0.31666666666666665 0.5026041666666667 0.03333333333333333 0.008333333333333333
2 0.3505462962962963 0.5599583333333333 0.03998148148148148 0.011583333333333333
2 0.39244444444444443 0.6901979166666666 0.047842592592592596 0.011640625
2 0.28564814814814815 0.5122395833333333 0.032407407407407406 0.0078125
2 0.32685185185185184 0.6278645833333334 0.02962962962962963 0.008854166666666666
2 0.32546296296296295 0.47291666666666665 0.03981481481481482 0.010416666666666666
2 0.3574074074074074 0.6393229166666667 0.037037037037037035 0.011979166666666667
2 0.32037037037037036 0.2075520833333333 0.03518518518518519 0.0078125
1 0.37962962962962965 0.85703125 0.04259259259259259 0.0109375
2 0.4111388888888889 0.7235677083333334 0.040796296296296296 0.010682291666666668
2 0.37407407407407406 0.7059895833333334 0.04259259259259259 0.009895833333333333
2 0.35555555555555557 0.3455729166666667 0.037037037037037035 0.008854166666666666
2 0.43425925925925923 0.24192708333333335 0.05 0.009895833333333333
3 0.4115740740740741 0.5052083333333333 0.04537037037037037 0.008333333333333333
2 0.5018518518518519 0.6247395833333333 0.05185185185185185 0.009895833333333333
2 0.4986111111111111 0.27994791666666663 0.05277777777777778 0.0109375
2 0.40370370370370373 0.1255208333333333 0.04814814814814815 0.013541666666666667
2 0.4115740740740741 0.53515625 0.04722222222222222 0.009895833333333333
2 0.5300925925925926 0.40937500000000004 0.05092592592592592 0.01875
0 0.3038518518518519 0.3611458333333334 0.009259259259259259 0.0053750000000000004
2 0.2825740740740741 0.39812500000000006 0.03492592592592592 0.0123125
2 0.27205555555555555 0.4861510416666667 0.032388888888888884 0.008484374999999999
3 0.2629444444444445 0.588875 0.02862962962962963 0.008333333333333333
