0 0.48888888888888893 0.7989583333333333 0.011111111111111112 0.005208333333333333
2 0.6157407407407407 0.55546875 0.04259259259259259 0.008854166666666666
2 0.7175925925925926 0.5135416666666667 0.027777777777777776 0.00625
2 0.6791666666666667 0.7174479166666666 0.032407407407407406 0.0078125
2 0.6939814814814815 0.45989583333333334 0.032407407407407406 0.010416666666666666
2 0.6222222222222222 0.4127604166666667 0.04259259259259259 0.0078125
1 0.63125 0.225 0.04259259259259259 0.008333333333333333
2 0.6092592592592593 0.39557291666666666 0.040740740740740744 0.009895833333333333
2 0.5768518518518518 0.82578125 0.03888888888888889 0.0109375
2 0.5574074074074074 0.3859375 0.04814814814814815 0.011458333333333333
2 0.524537037037037 0.34427083333333336 0.05277777777777778 0.011458333333333333
2 0.5708333333333333 0.35598958333333336 0.04351851851851852 0.0067708333333333336
2 0.5953703703703703 0.5479166666666667 0.04259259259259259 0.009375
2 0.5365740740740741 0.4354166666666667 0.04351851851851852 0.008333333333333333
2 0.2518518518518519 0.18958333333333333 0.06296296296296296 0.014583333333333334
2 0.524537037037037 0.6919270833333333 0.04351851851851852 0.0109375
2 0.44861111111111107 0.31640625 0.058333333333333334 0.0140625
2 0.3217592592592593 0.5940104166666667 0.0712962962962963 0.015104166666666667
3 0.48232407407407407 0.39318229166666663 0.05555555555555555 0.0125
2 0.36111111111111116 0.39348958333333334 0.06296296296296296 0.0140625
2 0.4916666666666667 0.5161458333333333 0.05740740740740741 0.010416666666666666
2 0.3856481481481482 0.734375 0.06018518518518518 0.014583333333333334
2 0.025925925925925908 0.8901041666666667 0.05 0.021875
2 0.37777777777777777 0.3106770833333333 0.06481481481481481 0.0171875
3 0.7490462962962963 0.5080104166666667 0.03551851851851852 0.009380208333333334
