3 0.7523148148148149 0.5403645833333334 0.025 0.008854166666666666
2 0.6574074074074074 0.83828125 0.03333333333333333 0.0067708333333333336
0 0.28888888888888886 0.59609375 0.011111111111111112 0.008854166666666666
1 0.6439814814814815 0.2635416666666667 0.03611111111111111 0.007291666666666667
2 0.7074074074074075 0.5734375 0.03518518518518519 0.007291666666666667
3 0.014814814814814836 0.903125 0.027777777777777776 0.013541666666666667
2 0.6907407407407408 0.4903645833333333 0.03333333333333333 0.009895833333333333
2 0.36064814814814816 0.5080729166666667 0.06388888888888888 0.016145833333333335
2 0.6222222222222222 0.40859375 0.03888888888888889 0.011979166666666667
2 0.3398148148148148 0.5018229166666667 0.06111111111111111 0.0171875
2 0.5675925925925926 0.36692708333333335 0.040740740740740744 0.011979166666666667
3 0.4805555555555555 0.4122395833333333 0.05185185185185185 0.0109375
2 0.5143518518518518 0.40208333333333335 0.05277777777777778 0.013541666666666667
2 0.22916666666666663 0.821875 0.06944444444444445 0.0125
2 0.6305555555555555 0.44192708333333336 0.040740740740740744 0.0067708333333333336
2 0.5916666666666667 0.6005208333333333 0.044444444444444446 0.009375
2 0.28148148148148144 0.23854166666666668 0.06296296296296296 0.013541666666666667
2 0.6018518518518519 0.57734375 0.040740740740740744 0.0140625
2 0.5277777777777778 0.8171875 0.05 0.013541666666666667
2 0.524537037037037 0.3106770833333333 0.04537037037037037 0.0140625
2 0.4527777777777777 0.66953125 0.04814814814814815 0.019270833333333334
2 0.45185185185185184 0.32265625 0.053703703703703705 0.018229166666666668
2 0.3421296296296297 0.25338541666666664 0.06388888888888888 0.016145833333333335
2 0.375462962962963 0.3768229166666667 0.062037037037037036 0.0171875
2 0.49856481481481485 0.4098333333333333 0.05250925925925926 0.011989583333333333
