2 0.5213541666666667 0.7962962962962963 0.00625 0.02962962962962963
2 0.5776614583333333 0.6294351851851852 0.021166666666666667 0.04825
2 0.5713541666666666 0.6097222222222223 0.021875 0.03981481481481482
2 0.701734375 0.5912685185185185 0.01944791666666667 0.0492037037037037
2 0.5645833333333333 0.6310185185185185 0.009375 0.05277777777777778
2 0.2690104166666667 0.7300925925925925 0.008854166666666666 0.03796296296296296
2 0.5812916666666668 0.684 0.013500000000000002 0.03489814814814814
2 0.6041666666666667 0.7287037037037036 0.015625 0.03333333333333333
2 0.616390625 0.5905740740740741 0.021770833333333333 0.04192592592592593
2 0.6885416666666666 0.5898148148148148 0.014583333333333334 0.05
2 0.29218750000000004 0.6282407407407408 0.011458333333333333 0.05462962962962963
2 0.3075520833333333 0.6152777777777778 0.016145833333333335 0.05092592592592592
2 0.44166666666666665 0.5402777777777779 0.010416666666666666 0.058333333333333334
2 0.5276041666666667 0.5550925925925926 0.013541666666666667 0.05462962962962963
1 0.8994791666666666 0.6606481481481481 0.015625 0.04722222222222222
2 0.71796875 0.2152777777777778 0.0265625 0.0712962962962963
3 0.57890625 0.55 0.0171875 0.05555555555555555
2 0.1567708333333333 0.4203703703703704 0.015625 0.07407407407407407
2 0.5098958333333333 0.5958333333333333 0.021875 0.05277777777777778
2 0.24505208333333328 0.4828703703703704 0.015104166666666667 0.06574074074074074
2 0.7375 0.4194444444444444 0.025 0.06666666666666667
0 0.6051197916666666 0.6182407407407408 0.005859375 0.01176851851851852
2 0.7040520833333332 0.6312222222222222 0.013395833333333333 0.048074074074074075
3 0.550296875 0.8092222222222223 0.006333333333333333 0.028685185185185185
