2 0.39490740740740743 0.6901041666666667 0.03611111111111111 0.009375
2 0.29074074074074074 0.45963541666666663 0.02962962962962963 0.0078125
2 0.4013888888888889 0.6838541666666667 0.041666666666666664 0.00625
2 0.3523148148148148 0.6658854166666667 0.032407407407407406 0.009895833333333333
2 0.30925925925925923 0.5533854166666667 0.027777777777777776 0.0067708333333333336
2 0.3282407407407407 0.4565104166666667 0.028703703703703703 0.005729166666666666
2 0.35462962962962963 0.34244791666666663 0.027777777777777776 0.008854166666666666
2 0.32546296296296295 0.2924479166666667 0.03425925925925926 0.009895833333333333
2 0.3439814814814815 0.5098958333333333 0.03611111111111111 0.00625
1 0.40694444444444444 0.890625 0.04351851851851852 0.013541666666666667
2 0.29444444444444445 0.5390625 0.03148148148148148 0.00625
2 0.41574074074074074 0.725 0.03888888888888889 0.008333333333333333
2 0.34629629629629627 0.46484375 0.037037037037037035 0.008854166666666666
2 0.38796296296296295 0.5552083333333333 0.03888888888888889 0.009375
2 0.44583333333333336 0.74375 0.03981481481481482 0.007291666666666667
2 0.5828703703703704 0.32447916666666665 0.058333333333333334 0.0125
3 0.4444444444444444 0.6075520833333333 0.046296296296296294 0.0078125
2 0.45092592592592595 0.32265625 0.044444444444444446 0.0140625
2 0.39814814814814814 0.1450520833333333 0.044444444444444446 0.008854166666666666
2 0.43796296296296294 0.5768229166666667 0.044444444444444446 0.009895833333333333
2 0.5481481481481482 0.6752604166666667 0.05 0.008854166666666666
2 0.6263888888888889 0.62578125 0.06018518518518518 0.015104166666666667
3 0.2829259259259259 0.6069739583333333 0.027462962962962963 0.005864583333333334
0 0.3784722222222222 0.23043229166666668 0.009851851851851853 0.005458333333333333
