2 0.3979166666666667 0.6402777777777777 0.007291666666666667 0.03611111111111111
2 0.47239583333333335 0.6722222222222223 0.007291666666666667 0.03148148148148148
2 0.6036458333333333 0.6615740740740741 0.007291666666666667 0.025
2 0.3682291666666667 0.6083333333333334 0.010416666666666666 0.03888888888888889
1 0.18906250000000002 0.624074074074074 0.007291666666666667 0.037037037037037035
2 0.51796875 0.6685185185185185 0.0078125 0.02962962962962963
2 0.45182291666666663 0.6615740740740741 0.0067708333333333336 0.032407407407407406
2 0.4161458333333333 0.6365740740740741 0.007291666666666667 0.032407407407407406
2 0.5778645833333333 0.5949074074074074 0.008854166666666666 0.03611111111111111
2 0.459375 0.5976851851851852 0.009375 0.041666666666666664
3 0.4971770833333333 0.6398148148148148 0.0078125 0.03333333333333333
2 0.61328125 0.6625 0.0067708333333333336 0.030555555555555555
2 0.81953125 0.5782407407407407 0.0078125 0.03611111111111111
2 0.4671875 0.5699074074074074 0.010416666666666666 0.03981481481481482
2 0.35624999999999996 0.5949074074074074 0.009375 0.03981481481481482
2 0.37369791666666663 0.5212962962962964 0.0109375 0.04259259259259259
2 0.321875 0.5555555555555556 0.008333333333333333 0.046296296296296294
2 0.7138020833333334 0.5472222222222223 0.008854166666666666 0.044444444444444446
2 0.29661458333333335 0.5592592592592592 0.011979166666666667 0.040740740740740744
2 0.4018229166666667 0.3842592592592593 0.009895833333333333 0.053703703703703705
2 0.8283854166666667 0.5300925925925926 0.0109375 0.04537037037037037
2 0.8580729166666666 0.4893518518518518 0.011979166666666667 0.04351851851851852
3 0.8116979166666667 0.6608796296296297 0.00771875 0.029824074074074076
