2 0.27824074074074073 0.37135416666666665 0.026851851851851852 0.007291666666666667
2 0.4634259259259259 0.09479166666666672 0.04722222222222222 0.010416666666666666
2 0.3023148148148148 0.48072916666666665 0.032407407407407406 0.009375
2 0.49953703703703706 0.6 0.049074074074074076 0.0125
1 0.36712962962962964 0.7513020833333334 0.04351851851851852 0.0109375
2 0.3611111111111111 0.35963541666666665 0.03888888888888889 0.0140625
2 0.31712962962962965 0.1244791666666667 0.028703703703703703 0.007291666666666667
2 0.4981851851851852 0.6905885416666666 0.04992592592592593 0.019859375000000002
2 0.3541666666666667 0.5322916666666666 0.03796296296296296 0.010416666666666666
2 0.5425925925925926 0.7255208333333334 0.05185185185185185 0.017708333333333333
2 0.6555555555555556 0.5903645833333333 0.06296296296296296 0.0234375
2 0.37407407407407406 0.5786458333333333 0.040740740740740744 0.013541666666666667
2 0.5356481481481481 0.5658854166666667 0.05648148148148148 0.019270833333333334
2 0.3592592592592593 0.3950520833333333 0.040740740740740744 0.013020833333333334
2 0.6509259259259259 0.7395833333333333 0.06481481481481481 0.015625
2 0.725925925925926 0.76171875 0.06296296296296296 0.021354166666666667
2 0.612037037037037 0.21015625000000004 0.05740740740740741 0.011979166666666667
2 0.4828703703703704 0.6440104166666667 0.05277777777777778 0.019270833333333334
2 0.5185185185185185 0.2723958333333333 0.05185185185185185 0.011458333333333333
3 0.47962962962962963 0.5265625 0.05 0.015625
2 0.6296296296296297 0.5692708333333334 0.05555555555555555 0.023958333333333335
2 0.4824259259259259 0.6909322916666667 0.04565740740740741 0.0105
0 0.6753888888888888 0.5926614583333334 0.014666666666666666 0.0067239583333333335
3 0.24109259259259258 0.44504687499999995 0.026925925925925926 0.00725
