2 0.2037037037037037 0.5213541666666667 0.02962962962962963 0.00625
2 0.3705648148148148 0.5776614583333333 0.04825 0.021166666666666667
2 0.3902777777777778 0.5713541666666666 0.03981481481481482 0.021875
2 0.4087314814814815 0.701734375 0.0492037037037037 0.01944791666666667
2 0.36898148148148147 0.5645833333333333 0.05277777777777778 0.009375
2 0.26990740740740743 0.2690104166666667 0.03796296296296296 0.008854166666666666
2 0.31599999999999995 0.5812916666666668 0.03489814814814814 0.013500000000000002
2 0.2712962962962963 0.6041666666666667 0.03333333333333333 0.015625
2 0.4094259259259259 0.616390625 0.04192592592592593 0.021770833333333333
2 0.4101851851851852 0.6885416666666666 0.05 0.014583333333333334
2 0.37175925925925923 0.29218750000000004 0.05462962962962963 0.011458333333333333
2 0.38472222222222224 0.3075520833333333 0.05092592592592592 0.016145833333333335
2 0.4597222222222222 0.44166666666666665 0.058333333333333334 0.010416666666666666
2 0.4449074074074074 0.5276041666666667 0.05462962962962963 0.013541666666666667
1 0.33935185185185185 0.8994791666666666 0.04722222222222222 0.015625
2 0.7847222222222222 0.71796875 0.0712962962962963 0.0265625
3 0.45 0.57890625 0.05555555555555555 0.0171875
2 0.5796296296296296 0.1567708333333333 0.07407407407407407 0.015625
2 0.4041666666666667 0.5098958333333333 0.05277777777777778 0.021875
2 0.5171296296296296 0.24505208333333328 0.06574074074074074 0.015104166666666667
2 0.5805555555555556 0.7375 0.06666666666666667 0.025
0 0.38175925925925924 0.6051197916666666 0.01176851851851852 0.005859375
2 0.36877777777777776 0.7040520833333332 0.048074074074074075 0.013395833333333333
3 0.19077777777777777 0.550296875 0.028685185185185185 0.006333333333333333
