2 0.28055555555555556 0.4877604166666667 0.03518518518518519 0.009895833333333333
2 0.31306481481481485 0.37897395833333336 0.03169444444444444 0.015260416666666667
2 0.29074074074074074 0.4239583333333333 0.025925925925925925 0.007291666666666667
2 0.29305555555555557 0.4981770833333333 0.03611111111111111 0.0067708333333333336
2 0.29583333333333334 0.5369791666666667 0.030555555555555555 0.007291666666666667
2 0.44212962962962965 0.3104166666666667 0.04722222222222222 0.009375
2 0.4273148148148148 0.5135416666666667 0.04722222222222222 0.009375
2 0.3111111111111111 0.5200520833333333 0.03518518518518519 0.0067708333333333336
3 0.38333333333333336 0.5166666666666666 0.040740740740740744 0.008333333333333333
2 0.32037037037037036 0.22109374999999998 0.037037037037037035 0.011979166666666667
2 0.34675925925925927 0.57734375 0.03425925925925926 0.011979166666666667
2 0.375 0.2260416666666667 0.046296296296296294 0.009375
2 0.31851851851851853 0.6260416666666666 0.03518518518518519 0.007291666666666667
2 0.45740740740740743 0.7783854166666666 0.044444444444444446 0.008854166666666666
2 0.3587962962962963 0.5970833333333333 0.041666666666666664 0.019171875
2 0.375 0.6994791666666667 0.044444444444444446 0.007291666666666667
2 0.3523148148148148 0.3872395833333333 0.03611111111111111 0.008854166666666666
2 0.5217592592592593 0.2984375 0.05092592592592592 0.009375
2 0.44722222222222224 0.26692708333333337 0.04814814814814815 0.009895833333333333
2 0.4078703703703704 0.66796875 0.04537037037037037 0.013020833333333334
1 0.3851851851851852 0.9057291666666667 0.046296296296296294 0.011458333333333333
2 0.5300925925925926 0.6216145833333333 0.05648148148148148 0.013020833333333334
0 0.3003148148148148 0.4294427083333333 0.00798148148148148 0.0036302083333333334
3 0.26837037037037037 0.6090364583333334 0.031231481481481478 0.00746875
