2 0.3944444444444445 0.20234375 0.046296296296296294 0.011979166666666667
2 0.5361111111111111 0.3151041666666667 0.04259259259259259 0.014583333333333334
2 0.5874444444444444 0.3369947916666666 0.039703703703703706 0.008369791666666666
2 0.5259259259259259 0.290625 0.044444444444444446 0.009375
2 0.5546296296296296 0.44479166666666664 0.04259259259259259 0.008333333333333333
0 0.32453703703703707 0.41770833333333335 0.012037037037037037 0.00625
2 0.5444444444444445 0.7755208333333333 0.05740740740740741 0.0125
2 0.5833333333333333 0.48854166666666665 0.044444444444444446 0.011458333333333333
2 0.3560185185185185 0.19791666666666666 0.058333333333333334 0.017708333333333333
2 0.49444444444444446 0.21197916666666666 0.046296296296296294 0.013541666666666667
2 0.412962962962963 0.68984375 0.05740740740740741 0.009895833333333333
2 0.5027777777777778 0.57109375 0.053703703703703705 0.0140625
3 0.0775555555555556 0.797203125 0.07637037037037038 0.028177083333333335
3 0.5050925925925926 0.4161458333333333 0.049074074074074076 0.010416666666666666
2 0.3476851851851852 0.21979166666666666 0.06018518518518518 0.016666666666666666
2 0.28194444444444444 0.7791666666666667 0.06574074074074074 0.01875
2 0.37731481481481477 0.3731770833333333 0.05277777777777778 0.0171875
2 0.6597222222222222 0.6044270833333333 0.03796296296296296 0.009895833333333333
2 0.35277777777777775 0.3924479166666667 0.06111111111111111 0.024479166666666666
2 0.4030648148148147 0.18988541666666667 0.04678703703703704 0.014109375
1 0.6513425925925926 0.2511145833333333 0.03659259259259259 0.012723958333333334
2 0.6546759259259259 0.447265625 0.035777777777777776 0.0094375
2 0.5988518518518519 0.3395208333333333 0.035638888888888894 0.010947916666666667
3 0.7526666666666666 0.49034375 0.024981481481481483 0.008692708333333334
