2 0.8247395833333333 0.37129629629629635 0.018229166666666668 0.04814814814814815
2 0.8130208333333333 0.4824074074074074 0.009375 0.046296296296296294
2 0.5299479166666667 0.6587962962962963 0.0067708333333333336 0.030555555555555555
2 0.6549479166666667 0.6 0.0078125 0.040740740740740744
2 0.5557291666666666 0.5717592592592593 0.008333333333333333 0.04351851851851852
2 0.69453125 0.5583333333333333 0.008854166666666666 0.046296296296296294
2 0.6651041666666666 0.5976851851851852 0.008333333333333333 0.03796296296296296
2 0.3838541666666667 0.5041666666666667 0.009375 0.04722222222222222
2 0.67578125 0.5462962962962963 0.0109375 0.04259259259259259
2 0.3973958333333333 0.6768518518518518 0.008333333333333333 0.03518518518518519
2 0.20520833333333333 0.5736111111111111 0.009375 0.04537037037037037
2 0.37630208333333337 0.500925925925926 0.008854166666666666 0.05555555555555555
2 0.5197916666666667 0.637962962962963 0.008333333333333333 0.03333333333333333
3 0.5552083333333333 0.5171296296296296 0.009375 0.04722222222222222
2 0.64765625 0.3675925925925926 0.0140625 0.05740740740740741
3 0.14635416666666667 0.04814814814814816 0.026041666666666668 0.08148148148148149
2 0.6705729166666667 0.4273148148148148 0.019270833333333334 0.05462962962962963
2 0.2567708333333333 0.4097222222222222 0.015625 0.05462962962962963
2 0.19635416666666672 0.36944444444444446 0.023958333333333335 0.06111111111111111
1 0.7321979166666667 0.6544814814814814 0.009703125 0.03924074074074074
0 0.8358229166666666 0.3734722222222222 0.008994791666666667 0.009564814814814814
2 0.849453125 0.3918611111111111 0.014458333333333333 0.05462962962962963
2 0.8423541666666666 0.3969351851851852 0.016151041666666668 0.03888888888888889
2 0.8308333333333333 0.39208333333333334 0.015208333333333332 0.04406481481481482
3 0.48463020833333337 0.7543981481481481 0.006135416666666667 0.023759259259259258
