2 0.7121851851851853 0.3268020833333334 0.03177777777777778 0.007770833333333334
2 0.6365740740740741 0.63828125 0.04537037037037037 0.008854166666666666
2 0.7217592592592592 0.421875 0.030555555555555555 0.010416666666666666
2 0.7101851851851853 0.3846354166666667 0.03148148148148148 0.0067708333333333336
3 0.6833333333333333 0.10781249999999998 0.03333333333333333 0.009375
2 0.7236111111111111 0.5463541666666667 0.028703703703703703 0.009375
2 0.725 0.5083333333333333 0.03148148148148148 0.009375
2 0.6777777777777778 0.5565104166666667 0.03518518518518519 0.009895833333333333
2 0.6111111111111112 0.6388020833333333 0.04814814814814815 0.008854166666666666
2 0.6800925925925926 0.5927083333333333 0.03981481481481482 0.008333333333333333
1 0.6481481481481481 0.8265625 0.044444444444444446 0.009375
2 0.5412037037037036 0.08723958333333337 0.05277777777777778 0.0078125
2 0.6217592592592592 0.1283854166666667 0.03981481481481482 0.0109375
2 0.6370370370370371 0.3026041666666667 0.04259259259259259 0.0125
2 0.6282407407407408 0.54609375 0.04537037037037037 0.009895833333333333
3 0.6805555555555556 0.48671875 0.037037037037037035 0.008854166666666666
2 0.575462962962963 0.68203125 0.05092592592592592 0.0109375
2 0.46851851851851856 0.08723958333333337 0.053703703703703705 0.0171875
2 0.5916666666666667 0.4627604166666667 0.04814814814814815 0.0109375
2 0.5416666666666667 0.6169270833333333 0.05 0.0109375
2 0.5800925925925926 0.7005208333333334 0.049074074074074076 0.0125
2 0.5643518518518518 0.22343749999999996 0.049074074074074076 0.011458333333333333
2 0.37777777777777777 0.628125 0.06481481481481481 0.013541666666666667
0 0.7198055555555556 0.5049375 0.005898148148148148 0.0036510416666666666
