2 0.6901041666666667 0.6050925925925925 0.009375 0.03611111111111111
2 0.45963541666666663 0.7092592592592593 0.0078125 0.02962962962962963
2 0.6838541666666667 0.5986111111111111 0.00625 0.041666666666666664
2 0.6658854166666667 0.6476851851851853 0.009895833333333333 0.032407407407407406
2 0.5533854166666667 0.6907407407407408 0.0067708333333333336 0.027777777777777776
2 0.4565104166666667 0.6717592592592593 0.005729166666666666 0.028703703703703703
2 0.34244791666666663 0.6453703703703704 0.008854166666666666 0.027777777777777776
2 0.2924479166666667 0.674537037037037 0.009895833333333333 0.03425925925925926
2 0.5098958333333333 0.6560185185185186 0.00625 0.03611111111111111
1 0.890625 0.5930555555555556 0.013541666666666667 0.04351851851851852
2 0.5390625 0.7055555555555555 0.00625 0.03148148148148148
2 0.725 0.5842592592592593 0.008333333333333333 0.03888888888888889
2 0.46484375 0.6537037037037037 0.008854166666666666 0.037037037037037035
2 0.5552083333333333 0.612037037037037 0.009375 0.03888888888888889
2 0.74375 0.5541666666666667 0.007291666666666667 0.03981481481481482
2 0.32447916666666665 0.41712962962962963 0.0125 0.058333333333333334
3 0.6075520833333333 0.5555555555555556 0.0078125 0.046296296296296294
2 0.32265625 0.549074074074074 0.0140625 0.044444444444444446
2 0.1450520833333333 0.6018518518518519 0.008854166666666666 0.044444444444444446
2 0.5768229166666667 0.5620370370370371 0.009895833333333333 0.044444444444444446
2 0.6752604166666667 0.45185185185185184 0.008854166666666666 0.05
2 0.62578125 0.3736111111111111 0.015104166666666667 0.06018518518518518
3 0.6069739583333333 0.7170740740740741 0.005864583333333334 0.027462962962962963
0 0.23043229166666668 0.6215277777777778 0.005458333333333333 0.009851851851851853
