2 0.6731979166666666 0.7121851851851853 0.007770833333333334 0.03177777777777778
2 0.36171875 0.6365740740740741 0.008854166666666666 0.04537037037037037
2 0.578125 0.7217592592592592 0.010416666666666666 0.030555555555555555
2 0.6153645833333333 0.7101851851851853 0.0067708333333333336 0.03148148148148148
3 0.8921875 0.6833333333333333 0.009375 0.03333333333333333
2 0.4536458333333333 0.7236111111111111 0.009375 0.028703703703703703
2 0.4916666666666667 0.725 0.009375 0.03148148148148148
2 0.4434895833333333 0.6777777777777778 0.009895833333333333 0.03518518518518519
2 0.3611979166666667 0.6111111111111112 0.008854166666666666 0.04814814814814815
2 0.4072916666666667 0.6800925925925926 0.008333333333333333 0.03981481481481482
1 0.17343750000000002 0.6481481481481481 0.009375 0.044444444444444446
2 0.9127604166666666 0.5412037037037036 0.0078125 0.05277777777777778
2 0.8716145833333333 0.6217592592592592 0.0109375 0.03981481481481482
2 0.6973958333333333 0.6370370370370371 0.0125 0.04259259259259259
2 0.45390624999999996 0.6282407407407408 0.009895833333333333 0.04537037037037037
3 0.51328125 0.6805555555555556 0.008854166666666666 0.037037037037037035
2 0.31796875 0.575462962962963 0.0109375 0.05092592592592592
2 0.9127604166666666 0.46851851851851856 0.0171875 0.053703703703703705
2 0.5372395833333333 0.5916666666666667 0.0109375 0.04814814814814815
2 0.38307291666666665 0.5416666666666667 0.0109375 0.05
2 0.29947916666666663 0.5800925925925926 0.0125 0.049074074074074076
2 0.7765625 0.5643518518518518 0.011458333333333333 0.049074074074074076
2 0.37187499999999996 0.37777777777777777 0.013541666666666667 0.06481481481481481
0 0.49506249999999996 0.7198055555555556 0.0036510416666666666 0.005898148148148148
