3 0.7949166666666667 0.7972222222222223 0.010416666666666666 0.03888888888888889
2 0.6434895833333334 0.7759259259259259 0.009895833333333333 0.04259259259259259
2 0.5697916666666667 0.7203703703703703 0.010416666666666666 0.05
2 0.7901041666666666 0.7046296296296296 0.0125 0.05740740740740741
2 0.8333333333333334 0.6569444444444444 0.015625 0.06018518518518518
2 0.47630208333333335 0.7351851851851852 0.0109375 0.05
2 0.5661458333333333 0.6712962962962963 0.013541666666666667 0.05740740740740741
2 0.53046875 0.6712962962962963 0.0109375 0.05925925925925926
2 0.7236979166666666 0.6337962962962963 0.013020833333333334 0.062037037037037036
2 0.73203125 0.6861111111111111 0.013020833333333334 0.05185185185185185
2 0.8265625 0.6208333333333333 0.014583333333333334 0.06759259259259259
2 0.8760416666666666 0.5657407407407408 0.013541666666666667 0.07407407407407407
2 0.5268229166666667 0.6157407407407407 0.0203125 0.06296296296296296
1 0.11510416666666667 0.6851851851851851 0.013541666666666667 0.05740740740740741
2 0.3455729166666667 0.7384259259259259 0.0109375 0.05277777777777778
3 0.6809895833333333 0.6518518518518519 0.011979166666666667 0.06296296296296296
2 0.5432291666666667 0.5587962962962962 0.015625 0.0712962962962963
2 0.8197916666666667 0.5351851851851852 0.019791666666666666 0.07222222222222222
2 0.8697916666666666 0.4467592592592593 0.015625 0.08055555555555556
2 0.1333333333333333 0.5407407407407407 0.016666666666666666 0.07777777777777778
2 0.51796875 0.2657407407407407 0.022395833333333334 0.10740740740740741
2 0.6248072916666667 0.706537037037037 0.011953125 0.05499074074074074
2 0.5348072916666666 0.795611111111111 0.013255208333333332 0.04296296296296296
0 0.13153645833333327 0.6654537037037037 0.006880208333333334 0.012583333333333334
