2 0.21388888888888888 0.5700520833333333 0.03888888888888889 0.0140625
2 0.27870370370370373 0.6822916666666667 0.05 0.0125
2 0.325 0.6947916666666667 0.05740740740740741 0.010416666666666666
2 0.37407407407407406 0.8484375 0.06481481481481481 0.019791666666666666
2 0.27824074074074073 0.27864583333333337 0.05277777777777778 0.016666666666666666
2 0.42338888888888887 0.7769843750000001 0.06344444444444444 0.026885416666666665
2 0.2833333333333333 0.48463541666666665 0.05185185185185185 0.009895833333333333
2 0.29953703703703705 0.8091145833333333 0.05648148148148148 0.0171875
2 0.3509259259259259 0.5083333333333333 0.06296296296296296 0.013541666666666667
2 0.3541666666666667 0.51875 0.062037037037037036 0.013541666666666667
2 0.3226851851851852 0.7291666666666667 0.05277777777777778 0.017708333333333333
2 0.412962962962963 0.84921875 0.07407407407407407 0.016145833333333335
2 0.39675925925925926 0.7419270833333333 0.06759259259259259 0.0140625
2 0.4532407407407407 0.75390625 0.06944444444444445 0.022395833333333334
2 0.46111111111111114 0.5518229166666666 0.07222222222222222 0.015104166666666667
2 0.4777777777777778 0.10651041666666672 0.07407407407407407 0.019270833333333334
3 0.3773796296296296 0.6770833333333333 0.06759259259259259 0.013541666666666667
1 0.3282407407407407 0.10364583333333333 0.058333333333333334 0.014583333333333334
2 0.7287037037037037 0.4799479166666667 0.10185185185185185 0.016145833333333335
2 0.4356481481481482 0.86328125 0.07314814814814814 0.018229166666666668
2 0.6074074074074074 0.7770833333333333 0.09074074074074075 0.023958333333333335
3 0.2167037037037037 0.80625 0.043166666666666666 0.010822916666666666
0 0.3003611111111111 0.2950104166666667 0.010953703703703703 0.005885416666666667
2 0.24162037037037035 0.6745208333333333 0.04561111111111111 0.011776041666666666
