2 0.41064814814814815 0.7778645833333333 0.04351851851851852 0.0078125
2 0.37592592592592594 0.8096354166666666 0.04259259259259259 0.011979166666666667
2 0.4533611111111111 0.11745833333333333 0.04931481481481481 0.016125
2 0.48695370370370367 0.8828541666666667 0.05387037037037037 0.015536458333333333
2 0.35185185185185186 0.5880208333333333 0.03888888888888889 0.008333333333333333
2 0.3958333333333333 0.74296875 0.04351851851851852 0.0067708333333333336
2 0.4842592592592593 0.7713541666666667 0.05925925925925926 0.013541666666666667
2 0.42314814814814816 0.5697916666666667 0.05185185185185185 0.010416666666666666
2 0.3106481481481482 0.39609375 0.03981481481481482 0.0078125
1 0.3635277777777778 0.203125 0.04351851851851852 0.009375
3 0.42268518518518516 0.67421875 0.049074074074074076 0.013020833333333334
2 0.4930555555555556 0.74609375 0.05462962962962963 0.008854166666666666
2 0.4273148148148148 0.5809895833333334 0.049074074074074076 0.0078125
2 0.5402777777777777 0.8736979166666666 0.06944444444444445 0.016145833333333335
2 0.6476851851851851 0.8096354166666666 0.07314814814814814 0.015104166666666667
2 0.663425925925926 0.54765625 0.075 0.0140625
2 0.5652777777777778 0.8265625 0.06574074074074074 0.011458333333333333
2 0.5083333333333333 0.5966145833333334 0.05740740740740741 0.0171875
2 0.47009259259259256 0.882515625 0.053592592592592594 0.014776041666666666
2 0.39387037037037037 0.8712760416666667 0.05077777777777778 0.014385416666666668
2 0.3347222222222222 0.7973177083333334 0.04507407407407407 0.012713541666666666
3 0.30265740740740743 0.86703125 0.04044444444444444 0.011161458333333334
2 0.3002314814814815 0.674640625 0.03557407407407408 0.009359375
0 0.4655 0.15541666666666676 0.01073148148148148 0.00515625
