2 0.3921296296296296 0.825 0.04537037037037037 0.009375
2 0.3106481481481482 0.6916666666666667 0.032407407407407406 0.007291666666666667
2 0.4185185185185185 0.7901041666666666 0.046296296296296294 0.009375
1 0.36018518518518516 0.16614583333333333 0.04259259259259259 0.015625
2 0.4125 0.5807291666666667 0.049074074074074076 0.010416666666666666
2 0.35324074074074074 0.6044270833333334 0.03981481481481482 0.0067708333333333336
3 0.4083333333333333 0.6395833333333334 0.04814814814814815 0.010416666666666666
2 0.48935185185185187 0.7239583333333333 0.05462962962962963 0.009375
2 0.475462962962963 0.7658854166666667 0.05462962962962963 0.016145833333333335
2 0.3101851851851852 0.41041666666666665 0.037037037037037035 0.007291666666666667
2 0.4601851851851852 0.91171875 0.05185185185185185 0.013020833333333334
2 0.47685185185185186 0.8942708333333333 0.05740740740740741 0.0125
2 0.41435185185185186 0.7505208333333333 0.04537037037037037 0.009375
2 0.42777777777777776 0.53359375 0.046296296296296294 0.013020833333333334
2 0.5842592592592593 0.8690104166666667 0.06481481481481481 0.0140625
2 0.6546296296296297 0.8330729166666666 0.07592592592592592 0.015104166666666667
2 0.549537037037037 0.9166666666666666 0.06388888888888888 0.014583333333333334
2 0.49953703703703706 0.5677083333333333 0.05648148148148148 0.014583333333333334
2 0.6990740740740741 0.6145833333333333 0.07962962962962963 0.016666666666666666
3 0.3109444444444444 0.9047135416666667 0.038398148148148147 0.011380208333333334
2 0.40314814814814814 0.8938541666666666 0.05214814814814815 0.014812500000000001
2 0.335037037037037 0.8084947916666667 0.042694444444444445 0.013770833333333335
2 0.43360185185185185 0.011416666666666742 0.05499074074074074 0.013588541666666667
0 0.4473611111111111 0.04401041666666672 0.009453703703703704 0.005489583333333333
