2 0.825 0.6078703703703704 0.009375 0.04537037037037037
2 0.6916666666666667 0.6893518518518518 0.007291666666666667 0.032407407407407406
2 0.7901041666666666 0.5814814814814815 0.009375 0.046296296296296294
1 0.16614583333333333 0.6398148148148148 0.015625 0.04259259259259259
2 0.5807291666666667 0.5875 0.010416666666666666 0.049074074074074076
2 0.6044270833333334 0.6467592592592593 0.0067708333333333336 0.03981481481481482
3 0.6395833333333334 0.5916666666666667 0.010416666666666666 0.04814814814814815
2 0.7239583333333333 0.5106481481481482 0.009375 0.05462962962962963
2 0.7658854166666667 0.524537037037037 0.016145833333333335 0.05462962962962963
2 0.41041666666666665 0.6898148148148149 0.007291666666666667 0.037037037037037035
2 0.91171875 0.5398148148148147 0.013020833333333334 0.05185185185185185
2 0.8942708333333333 0.5231481481481481 0.0125 0.05740740740740741
2 0.7505208333333333 0.5856481481481481 0.009375 0.04537037037037037
2 0.53359375 0.5722222222222222 0.013020833333333334 0.046296296296296294
2 0.8690104166666667 0.41574074074074074 0.0140625 0.06481481481481481
2 0.8330729166666666 0.3453703703703703 0.015104166666666667 0.07592592592592592
2 0.9166666666666666 0.45046296296296295 0.014583333333333334 0.06388888888888888
2 0.5677083333333333 0.5004629629629629 0.014583333333333334 0.05648148148148148
2 0.6145833333333333 0.30092592592592593 0.016666666666666666 0.07962962962962963
3 0.9047135416666667 0.6890555555555555 0.011380208333333334 0.038398148148148147
2 0.8938541666666666 0.5968518518518519 0.014812500000000001 0.05214814814814815
2 0.8084947916666667 0.664962962962963 0.013770833333333335 0.042694444444444445
2 0.011416666666666742 0.5663981481481482 0.013588541666666667 0.05499074074074074
0 0.04401041666666672 0.5526388888888889 0.005489583333333333 0.009453703703703704
