2 0.5893518518518519 0.2221354166666667 0.04351851851851852 0.0078125
2 0.624074074074074 0.1903645833333334 0.04259259259259259 0.011979166666666667
2 0.5466388888888889 0.8825416666666667 0.04931481481481481 0.016125
2 0.5130462962962963 0.11714583333333328 0.05387037037037037 0.015536458333333333
2 0.6481481481481481 0.4119791666666667 0.03888888888888889 0.008333333333333333
2 0.6041666666666667 0.25703125000000004 0.04351851851851852 0.0067708333333333336
2 0.5157407407407407 0.22864583333333333 0.05925925925925926 0.013541666666666667
2 0.5768518518518518 0.4302083333333333 0.05185185185185185 0.010416666666666666
2 0.6893518518518518 0.60390625 0.03981481481481482 0.0078125
1 0.6364722222222222 0.796875 0.04351851851851852 0.009375
3 0.5773148148148148 0.32578125 0.049074074074074076 0.013020833333333334
2 0.5069444444444444 0.25390625 0.05462962962962963 0.008854166666666666
2 0.5726851851851852 0.4190104166666666 0.049074074074074076 0.0078125
2 0.45972222222222225 0.12630208333333337 0.06944444444444445 0.016145833333333335
2 0.35231481481481486 0.1903645833333334 0.07314814814814814 0.015104166666666667
2 0.336574074074074 0.45234375000000004 0.075 0.0140625
2 0.43472222222222223 0.17343750000000002 0.06574074074074074 0.011458333333333333
2 0.4916666666666667 0.4033854166666666 0.05740740740740741 0.0171875
2 0.5299074074074075 0.11748437499999997 0.053592592592592594 0.014776041666666666
2 0.6061296296296297 0.12872395833333328 0.05077777777777778 0.014385416666666668
2 0.6652777777777779 0.20268229166666663 0.04507407407407407 0.012713541666666666
3 0.6973425925925926 0.13296874999999997 0.04044444444444444 0.011161458333333334
2 0.6997685185185185 0.325359375 0.03557407407407408 0.009359375
0 0.5345 0.8445833333333332 0.01073148148148148 0.00515625
