2 0.6078703703703704 0.17500000000000004 0.04537037037037037 0.009375
2 0.6893518518518518 0.30833333333333335 0.032407407407407406 0.007291666666666667
2 0.5814814814814815 0.2098958333333334 0.046296296296296294 0.009375
1 0.6398148148148148 0.8338541666666667 0.04259259259259259 0.015625
2 0.5875 0.41927083333333326 0.049074074074074076 0.010416666666666666
2 0.6467592592592593 0.3955729166666666 0.03981481481481482 0.0067708333333333336
3 0.5916666666666667 0.3604166666666666 0.04814814814814815 0.010416666666666666
2 0.5106481481481482 0.27604166666666674 0.05462962962962963 0.009375
2 0.524537037037037 0.23411458333333335 0.05462962962962963 0.016145833333333335
2 0.6898148148148149 0.5895833333333333 0.037037037037037035 0.007291666666666667
2 0.5398148148148147 0.08828124999999998 0.05185185185185185 0.013020833333333334
2 0.5231481481481481 0.10572916666666665 0.05740740740740741 0.0125
2 0.5856481481481481 0.2494791666666667 0.04537037037037037 0.009375
2 0.5722222222222222 0.46640625 0.046296296296296294 0.013020833333333334
2 0.41574074074074074 0.13098958333333333 0.06481481481481481 0.0140625
2 0.3453703703703703 0.1669270833333334 0.07592592592592592 0.015104166666666667
2 0.45046296296296295 0.08333333333333337 0.06388888888888888 0.014583333333333334
2 0.5004629629629629 0.43229166666666674 0.05648148148148148 0.014583333333333334
2 0.30092592592592593 0.38541666666666674 0.07962962962962963 0.016666666666666666
3 0.6890555555555555 0.09528645833333327 0.038398148148148147 0.011380208333333334
2 0.5968518518518519 0.10614583333333338 0.05214814814814815 0.014812500000000001
2 0.664962962962963 0.1915052083333333 0.042694444444444445 0.013770833333333335
2 0.5663981481481482 0.9885833333333333 0.05499074074074074 0.013588541666666667
0 0.5526388888888889 0.9559895833333333 0.009453703703703704 0.005489583333333333
