3 0.7104166666666667 0.7170555555555556 0.00625 0.03611111111111111
2 0.41666666666666663 0.712037037037037 0.008333333333333333 0.03333333333333333
2 0.45729166666666665 0.674074074074074 0.009375 0.044444444444444446
2 0.5979166666666667 0.6555555555555556 0.007291666666666667 0.037037037037037035
2 0.6411458333333333 0.6935185185185185 0.008333333333333333 0.03518518518518519
2 0.59375 0.6157407407407407 0.009375 0.05
2 0.5049479166666666 0.6879629629629629 0.009895833333333333 0.03518518518518519
2 0.3609375 0.6847222222222222 0.010416666666666666 0.03796296296296296
2 0.4526041666666667 0.6546296296296297 0.0125 0.04259259259259259
2 0.72421875 0.6435185185185186 0.009895833333333333 0.046296296296296294
3 0.4838541666666667 0.637962962962963 0.009375 0.04259259259259259
2 0.3544270833333333 0.6175925925925926 0.009895833333333333 0.04814814814814815
2 0.4541666666666667 0.5699074074074074 0.010416666666666666 0.05277777777777778
2 0.32343750000000004 0.625 0.011458333333333333 0.05
2 0.29322916666666665 0.5027777777777778 0.010416666666666666 0.06851851851851852
2 0.6106770833333333 0.5416666666666667 0.011979166666666667 0.06111111111111111
2 0.6411458333333333 0.5819444444444444 0.015625 0.05462962962962963
3 0.0697864583333333 0.24035185185185193 0.03853125 0.11003703703703704
2 0.16614583333333333 0.2870370370370371 0.019791666666666666 0.09814814814814815
2 0.24609375 0.4449074074074074 0.013020833333333334 0.0712962962962963
2 0.27109375 0.5625 0.015104166666666667 0.06388888888888888
2 0.81015625 0.5842592592592593 0.0109375 0.05555555555555555
2 0.7729166666666667 0.40601851851851856 0.019791666666666666 0.0824074074074074
0 0.7155833333333332 0.6222592592592593 0.004635416666666667 0.01062037037037037
