2 0.3481770833333333 0.7023148148148148 0.0067708333333333336 0.026851851851851852
2 0.5028645833333334 0.7041666666666666 0.008854166666666666 0.03796296296296296
2 0.5674479166666666 0.6134259259259259 0.009895833333333333 0.049074074074074076
2 0.6231770833333333 0.7023148148148148 0.0078125 0.032407407407407406
3 0.44895833333333335 0.6430555555555555 0.00625 0.04351851851851852
2 0.5434895833333333 0.6412037037037037 0.0078125 0.04537037037037037
2 0.3901041666666667 0.6782407407407407 0.009375 0.04351851851851852
2 0.7096354166666667 0.6671296296296296 0.008854166666666666 0.04537037037037037
2 0.5575520833333334 0.6708333333333334 0.0067708333333333336 0.04351851851851852
2 0.4223958333333333 0.6134259259259259 0.009375 0.04537037037037037
2 0.3119791666666667 0.6296296296296297 0.007291666666666667 0.04814814814814815
2 0.27421874999999996 0.6398148148148148 0.0078125 0.05
2 0.2510416666666667 0.5912037037037037 0.010416666666666666 0.05648148148148148
2 0.5744791666666667 0.5986111111111111 0.014583333333333334 0.05092592592592592
2 0.7752604166666667 0.6087962962962963 0.009895833333333333 0.05277777777777778
2 0.2671875 0.49629629629629635 0.014583333333333334 0.07037037037037037
2 0.7765625 0.49444444444444446 0.0125 0.06296296296296296
2 0.2958333333333333 0.31481481481481477 0.030208333333333334 0.09259259259259259
3 0.6829791666666667 0.7200648148148148 0.009958333333333335 0.03353703703703704
0 0.6709739583333334 0.6632870370370371 0.004578125 0.01074074074074074
2 0.42103645833333336 0.7194814814814815 0.009369791666666665 0.039796296296296295
