2 0.6101851851851852 0.6778645833333333 0.040740740740740744 0.013020833333333334
2 0.6328703703703704 0.6020833333333333 0.032407407407407406 0.014583333333333334
2 0.550675925925926 0.7700833333333333 0.04593518518518518 0.017125
2 0.5671296296296297 0.7385416666666667 0.05462962962962963 0.011458333333333333
2 0.549074074074074 0.8036458333333333 0.04259259259259259 0.013541666666666667
2 0.5638888888888889 0.7153645833333333 0.04814814814814815 0.009895833333333333
2 0.5949074074074074 0.6377604166666667 0.04351851851851852 0.0140625
2 0.5856481481481481 0.5432291666666667 0.03981481481481482 0.008333333333333333
2 0.5458333333333334 0.7247395833333333 0.04722222222222222 0.0109375
2 0.5421296296296296 0.5307291666666667 0.05092592592592592 0.0125
2 0.43379629629629635 0.27447916666666666 0.06759259259259259 0.0125
2 0.5731481481481482 0.3455729166666667 0.04814814814814815 0.008854166666666666
2 0.43472222222222223 0.265625 0.06759259259259259 0.010416666666666666
2 0.5263888888888889 0.5966145833333333 0.05462962962962963 0.0140625
2 0.4981481481481481 0.76875 0.05555555555555555 0.009375
2 0.5712962962962963 0.30390625 0.05 0.015104166666666667
2 0.525462962962963 0.45989583333333334 0.05648148148148148 0.017708333333333333
2 0.44074074074074077 0.41953125 0.07037037037037037 0.013020833333333334
0 0.6350462962962964 0.76028125 0.011694444444444445 0.005822916666666666
1 0.6316018518518518 0.8130885416666668 0.0427037037037037 0.0165625
2 0.5651944444444444 0.7703697916666666 0.038768518518518515 0.01796354166666667
2 0.5895185185185186 0.722609375 0.04298148148148148 0.012005208333333333
2 0.6083981481481482 0.5440468749999999 0.037398148148148146 0.012963541666666667
3 0.6826574074074074 0.22146354166666665 0.03367592592592592 0.00784375
