2 0.32592592592592595 0.7526041666666666 0.040740740740740744 0.007291666666666667
1 0.3320185185185185 0.762328125 0.04049074074074074 0.011093750000000001
2 0.2851851851851852 0.5916666666666667 0.03518518518518519 0.008333333333333333
2 0.3211481481481481 0.72353125 0.04416666666666667 0.008697916666666666
2 0.3074074074074074 0.71171875 0.03888888888888889 0.0078125
2 0.2972222222222222 0.6231770833333333 0.040740740740740744 0.008854166666666666
2 0.3425925925925926 0.5723958333333333 0.04259259259259259 0.008333333333333333
3 0.3212962962962963 0.5114583333333333 0.03888888888888889 0.008333333333333333
2 0.3565185185185185 0.7301822916666667 0.048231481481481486 0.012447916666666666
2 0.3787037037037037 0.56171875 0.05 0.011979166666666667
2 0.3111111111111111 0.18906250000000002 0.037037037037037035 0.0125
2 0.32407407407407407 0.1177083333333333 0.04259259259259259 0.010416666666666666
2 0.3509259259259259 0.08072916666666663 0.04814814814814815 0.010416666666666666
2 0.33287037037037037 0.3348958333333333 0.04537037037037037 0.009375
2 0.4412037037037037 0.5052083333333333 0.049074074074074076 0.010416666666666666
2 0.47129629629629627 0.6703125 0.05740740740740741 0.0125
2 0.3712962962962963 0.43229166666666663 0.046296296296296294 0.0125
3 0.8157407407407408 0.07436458333333329 0.11481481481481481 0.025520833333333333
2 0.4078703703703704 0.27604166666666663 0.05648148148148148 0.01875
3 0.24294444444444444 0.5961093749999999 0.031574074074074074 0.008906250000000001
2 0.28767592592592595 0.5745312499999999 0.034944444444444445 0.010838541666666666
2 0.3230092592592593 0.5715885416666666 0.03962037037037037 0.010890625
