2 0.4877604166666667 0.6254629629629629 0.008854166666666666 0.032407407407407406
3 0.5119791666666667 0.5787037037037037 0.008333333333333333 0.037037037037037035
2 0.5440104166666666 0.6101851851851852 0.008854166666666666 0.03888888888888889
2 0.265625 0.5398148148148147 0.011458333333333333 0.04814814814814815
2 0.2713541666666667 0.5675925925925926 0.010416666666666666 0.046296296296296294
2 0.33906250000000004 0.5810185185185186 0.009375 0.04351851851851852
2 0.24843749999999998 0.5462962962962963 0.011458333333333333 0.046296296296296294
2 0.7236979166666666 0.5611111111111111 0.009895833333333333 0.046296296296296294
2 0.35468750000000004 0.5925925925925926 0.009375 0.04259259259259259
2 0.4359375 0.5898148148148148 0.010416666666666666 0.040740740740740744
2 0.7700520833333333 0.5629629629629629 0.0078125 0.046296296296296294
2 0.62890625 0.5162037037037037 0.0109375 0.05277777777777778
2 0.4239583333333333 0.5157407407407407 0.0125 0.04814814814814815
2 0.5848958333333334 0.5259259259259259 0.009375 0.05
2 0.44010416666666663 0.5162037037037037 0.0125 0.049074074074074076
2 0.4625 0.525 0.017708333333333333 0.04259259259259259
3 0.05550520833333328 0.43953703703703706 0.022208333333333333 0.057962962962962966
2 0.34062499999999996 0.4745370370370371 0.011458333333333333 0.05462962962962963
2 0.809375 0.42407407407407405 0.021875 0.06296296296296296
2 0.7328125 0.3930555555555556 0.015625 0.0712962962962963
2 0.6083333333333334 0.4203703703703704 0.01875 0.06481481481481481
1 0.22276562499999997 0.6254537037037038 0.011151041666666667 0.04210185185185185
2 0.2512291666666666 0.563962962962963 0.010677083333333334 0.042638888888888886
0 0.40369791666666666 0.5129074074074075 0.0073124999999999996 0.013555555555555557
3 0.8160260416666667 0.66925 0.010364583333333333 0.03322222222222222
