2 0.6888888888888889 0.5299479166666666 0.03333333333333333 0.008854166666666666
2 0.7 0.59140625 0.02962962962962963 0.0078125
2 0.6934444444444445 0.4506822916666666 0.03348148148148148 0.013161458333333332
2 0.6837962962962962 0.5122395833333333 0.032407407407407406 0.009895833333333333
3 0.6443703703703704 0.5298177083333333 0.04089814814814815 0.013041666666666667
2 0.637962962962963 0.49322916666666666 0.040740740740740744 0.013541666666666667
2 0.5624907407407407 0.6837760416666666 0.054648148148148154 0.018588541666666666
2 0.6699166666666667 0.476453125 0.03345370370370371 0.013963541666666666
2 0.6726851851851852 0.7239583333333334 0.03611111111111111 0.013541666666666667
2 0.6453703703703704 0.3416666666666667 0.03888888888888889 0.014583333333333334
2 0.6226851851851851 0.2877604166666667 0.04537037037037037 0.015104166666666667
2 0.6449074074074075 0.5890625 0.03796296296296296 0.010416666666666666
2 0.6574074074074074 0.2947916666666667 0.044444444444444446 0.014583333333333334
1 0.6393518518518518 0.07708333333333334 0.04537037037037037 0.01875
2 0.5287037037037037 0.30026041666666664 0.05 0.021354166666666667
2 0.5949074074074074 0.38203125 0.049074074074074076 0.018229166666666668
2 0.6203703703703703 0.4630208333333333 0.044444444444444446 0.014583333333333334
2 0.5717592592592593 0.7825520833333334 0.058333333333333334 0.0171875
3 0.17500000000000004 0.9830729166666666 0.10185185185185185 0.033854166666666664
2 0.4837962962962963 0.7380208333333333 0.05092592592592592 0.023958333333333335
2 0.3388888888888889 0.77421875 0.08888888888888889 0.030729166666666665
0 0.6814907407407407 0.4363489583333333 0.012092592592592592 0.005109375
3 0.7205185185185186 0.3815989583333333 0.03625 0.010760416666666666
2 0.6954444444444444 0.48996354166666667 0.03529629629629629 0.01625
2 0.6823703703703703 0.6973697916666667 0.04100925925925926 0.010791666666666666
