2 0.37453703703703706 0.4877604166666667 0.032407407407407406 0.008854166666666666
3 0.4212962962962963 0.5119791666666667 0.037037037037037035 0.008333333333333333
2 0.38981481481481484 0.5440104166666666 0.03888888888888889 0.008854166666666666
2 0.4601851851851852 0.265625 0.04814814814814815 0.011458333333333333
2 0.4324074074074074 0.2713541666666667 0.046296296296296294 0.010416666666666666
2 0.41898148148148145 0.33906250000000004 0.04351851851851852 0.009375
2 0.4537037037037037 0.24843749999999998 0.046296296296296294 0.011458333333333333
2 0.4388888888888889 0.7236979166666666 0.046296296296296294 0.009895833333333333
2 0.4074074074074074 0.35468750000000004 0.04259259259259259 0.009375
2 0.4101851851851852 0.4359375 0.040740740740740744 0.010416666666666666
2 0.43703703703703706 0.7700520833333333 0.046296296296296294 0.0078125
2 0.4837962962962963 0.62890625 0.05277777777777778 0.0109375
2 0.4842592592592593 0.4239583333333333 0.04814814814814815 0.0125
2 0.4740740740740741 0.5848958333333334 0.05 0.009375
2 0.4837962962962963 0.44010416666666663 0.049074074074074076 0.0125
2 0.475 0.4625 0.04259259259259259 0.017708333333333333
3 0.5604629629629629 0.05550520833333328 0.057962962962962966 0.022208333333333333
2 0.5254629629629629 0.34062499999999996 0.05462962962962963 0.011458333333333333
2 0.575925925925926 0.809375 0.06296296296296296 0.021875
2 0.6069444444444444 0.7328125 0.0712962962962963 0.015625
2 0.5796296296296296 0.6083333333333334 0.06481481481481481 0.01875
1 0.37454629629629627 0.22276562499999997 0.04210185185185185 0.011151041666666667
2 0.43603703703703706 0.2512291666666666 0.042638888888888886 0.010677083333333334
0 0.4870925925925925 0.40369791666666666 0.013555555555555557 0.0073124999999999996
3 0.33075 0.8160260416666667 0.03322222222222222 0.010364583333333333
